1 1 1 3
2 1 2 3
3 1 4 6
4 1 5 6
5 1 7 9
6 1 8 9
7 1 10 12
8 1 11 12
9 1 13 15
10 1 14 15
11 1 16 18
12 1 17 18
13 1 19 21
14 1 20 21
15 1 22 24
16 1 23 24
17 1 25 27
18 1 26 27
19 1 28 30
20 1 29 30
21 1 31 33
22 1 32 33
23 1 34 36
24 1 35 36
25 1 37 39
26 1 38 39
27 1 40 42
28 1 41 42
29 1 43 45
30 1 44 45
31 1 46 48
32 1 47 48
33 1 49 51
34 1 50 51
35 1 52 54
36 1 53 54
37 1 55 57
38 1 56 57
39 1 58 60
40 1 59 60
41 1 61 63
42 1 62 63
43 1 64 66
44 1 65 66
45 1 67 69
46 1 68 69
47 1 70 72
48 1 71 72
49 1 73 75
50 1 74 75
51 1 76 78
52 1 77 78
53 1 79 81
54 1 80 81
55 1 82 84
56 1 83 84
57 1 85 87
58 1 86 87
59 1 88 90
60 1 89 90
61 1 91 93
62 1 92 93
63 1 94 96
64 1 95 96
65 1 97 99
66 1 98 99
67 1 100 102
68 1 101 102
69 1 103 105
70 1 104 105
71 1 106 108
72 1 107 108
73 1 109 111
74 1 110 111
75 1 112 114
76 1 113 114
77 1 115 117
78 1 116 117
79 1 118 120
80 1 119 120
81 1 121 123
82 1 122 123
83 1 124 126
84 1 125 126
85 1 127 129
86 1 128 129
87 1 130 132
88 1 131 132
89 1 133 135
90 1 134 135
91 1 136 138
92 1 137 138
93 1 139 141
94 1 140 141
95 1 142 144
96 1 143 144
97 1 145 147
98 1 146 147
99 1 148 150
100 1 149 150
101 1 151 153
102 1 152 153
103 1 154 156
104 1 155 156
105 1 157 159
106 1 158 159
107 1 160 162
108 1 161 162
109 1 163 165
110 1 164 165
111 1 166 168
112 1 167 168
113 1 169 171
114 1 170 171
115 1 172 174
116 1 173 174
117 1 175 177
118 1 176 177
119 1 178 180
120 1 179 180
121 1 181 183
122 1 182 183
123 1 184 186
124 1 185 186
125 1 187 189
126 1 188 189
127 1 190 192
128 1 191 192
129 1 193 195
130 1 194 195
131 1 196 198
132 1 197 198
133 1 199 201
134 1 200 201
135 1 202 204
136 1 203 204
137 1 205 207
138 1 206 207
139 1 208 210
140 1 209 210
141 1 211 213
142 1 212 213
143 1 214 216
144 1 215 216
145 1 217 219
146 1 218 219
147 1 220 222
148 1 221 222
149 1 223 225
150 1 224 225
151 1 226 228
152 1 227 228
153 1 229 231
154 1 230 231
155 1 232 234
156 1 233 234
157 1 235 237
158 1 236 237
159 1 238 240
160 1 239 240
161 1 241 243
162 1 242 243
163 1 244 246
164 1 245 246
165 1 247 249
166 1 248 249
167 1 250 252
168 1 251 252
169 1 253 255
170 1 254 255
171 1 256 258
172 1 257 258
173 1 259 261
174 1 260 261
175 1 262 264
176 1 263 264
177 1 265 267
178 1 266 267
179 1 268 270
180 1 269 270
181 1 271 273
182 1 272 273
183 1 274 276
184 1 275 276
185 1 277 279
186 1 278 279
187 1 280 282
188 1 281 282
189 1 283 285
190 1 284 285
191 1 286 288
192 1 287 288
193 1 289 291
194 1 290 291
195 1 292 294
196 1 293 294
197 1 295 297
198 1 296 297
199 1 298 300
200 1 299 300
201 1 301 303
202 1 302 303
203 1 304 306
204 1 305 306
205 1 307 309
206 1 308 309
207 1 310 312
208 1 311 312
209 1 313 315
210 1 314 315
211 1 316 318
212 1 317 318
213 1 319 321
214 1 320 321
215 1 322 324
216 1 323 324
217 1 325 327
218 1 326 327
219 1 328 330
220 1 329 330
221 1 331 333
222 1 332 333
223 1 334 336
224 1 335 336
225 1 337 339
226 1 338 339
227 1 340 342
228 1 341 342
229 1 343 345
230 1 344 345
231 1 346 348
232 1 347 348
233 1 349 351
234 1 350 351
235 1 352 354
236 1 353 354
237 1 355 357
238 1 356 357
239 1 358 360
240 1 359 360
241 1 361 363
242 1 362 363
243 1 364 366
244 1 365 366
245 1 367 369
246 1 368 369
247 1 370 372
248 1 371 372
249 1 373 375
250 1 374 375
251 1 376 378
252 1 377 378
253 1 379 381
254 1 380 381
255 1 382 384
256 1 383 384
257 1 385 387
258 1 386 387
259 1 388 390
260 1 389 390
261 1 391 393
262 1 392 393
263 1 394 396
264 1 395 396
265 1 397 399
266 1 398 399
267 1 400 402
268 1 401 402
269 1 403 405
270 1 404 405
271 1 406 408
272 1 407 408
273 1 409 411
274 1 410 411
275 1 412 414
276 1 413 414
277 1 415 417
278 1 416 417
279 1 418 420
280 1 419 420
281 1 421 423
282 1 422 423
283 1 424 426
284 1 425 426
285 1 427 429
286 1 428 429
287 1 430 432
288 1 431 432
289 1 433 435
290 1 434 435
291 1 436 438
292 1 437 438
293 1 439 441
294 1 440 441
295 1 442 444
296 1 443 444
297 1 445 447
298 1 446 447
299 1 448 450
300 1 449 450
301 1 451 453
302 1 452 453
303 1 454 456
304 1 455 456
305 1 457 459
306 1 458 459
307 1 460 462
308 1 461 462
309 1 463 465
310 1 464 465
311 1 466 468
312 1 467 468
313 1 469 471
314 1 470 471
315 1 472 474
316 1 473 474
317 1 475 477
318 1 476 477
319 1 478 480
320 1 479 480
321 1 481 483
322 1 482 483
323 1 484 486
324 1 485 486
325 1 487 489
326 1 488 489
327 1 490 492
328 1 491 492
329 1 493 495
330 1 494 495
331 1 496 498
332 1 497 498
333 1 499 501
334 1 500 501
335 1 502 504
336 1 503 504
337 1 505 507
338 1 506 507
339 1 508 510
340 1 509 510
341 1 511 513
342 1 512 513
343 1 514 516
344 1 515 516
345 1 517 519
346 1 518 519
347 1 520 522
348 1 521 522
349 1 523 525
350 1 524 525
351 1 526 528
352 1 527 528
353 1 529 531
354 1 530 531
355 1 532 534
356 1 533 534
357 1 535 537
358 1 536 537
359 1 538 540
360 1 539 540
361 1 541 543
362 1 542 543
363 1 544 546
364 1 545 546
365 1 547 549
366 1 548 549
367 1 550 552
368 1 551 552
369 1 553 555
370 1 554 555
371 1 556 558
372 1 557 558
373 1 559 561
374 1 560 561
375 1 562 564
376 1 563 564
377 1 565 567
378 1 566 567
379 1 568 570
380 1 569 570
381 1 571 573
382 1 572 573
383 1 574 576
384 1 575 576
385 1 577 579
386 1 578 579
387 1 580 582
388 1 581 582
389 1 583 585
390 1 584 585
391 1 586 588
392 1 587 588
393 1 589 591
394 1 590 591
395 1 592 594
396 1 593 594
397 1 595 597
398 1 596 597
399 1 598 600
400 1 599 600
401 1 601 603
402 1 602 603
403 1 604 606
404 1 605 606
405 1 607 609
406 1 608 609
407 1 610 612
408 1 611 612
409 1 613 615
410 1 614 615
411 1 616 618
412 1 617 618
413 1 619 621
414 1 620 621
415 1 622 624
416 1 623 624
417 1 625 627
418 1 626 627
419 1 628 630
420 1 629 630
421 1 631 633
422 1 632 633
423 1 634 636
424 1 635 636
425 1 637 639
426 1 638 639
427 1 640 642
428 1 641 642
429 1 643 645
430 1 644 645
431 1 646 648
432 1 647 648
433 1 649 651
434 1 650 651
435 1 652 654
436 1 653 654
437 1 655 657
438 1 656 657
439 1 658 660
440 1 659 660
441 1 661 663
442 1 662 663
443 1 664 666
444 1 665 666
445 1 667 669
446 1 668 669
447 1 670 672
448 1 671 672
449 1 673 675
450 1 674 675
451 1 676 678
452 1 677 678
453 1 679 681
454 1 680 681
455 1 682 684
456 1 683 684
457 1 685 687
458 1 686 687
459 1 688 690
460 1 689 690
461 1 691 693
462 1 692 693
463 1 694 696
464 1 695 696
465 1 697 699
466 1 698 699
467 1 700 702
468 1 701 702
469 1 703 705
470 1 704 705
471 1 706 708
472 1 707 708
473 1 709 711
474 1 710 711
475 1 712 714
476 1 713 714
477 1 715 717
478 1 716 717
479 1 718 720
480 1 719 720
481 1 721 723
482 1 722 723
483 1 724 726
484 1 725 726
485 1 727 729
486 1 728 729
487 1 730 732
488 1 731 732
489 1 733 735
490 1 734 735
491 1 736 738
492 1 737 738
493 1 739 741
494 1 740 741
495 1 742 744
496 1 743 744
497 1 745 747
498 1 746 747
499 1 748 750
500 1 749 750
501 1 751 753
502 1 752 753
503 1 754 756
504 1 755 756
505 1 757 759
506 1 758 759
507 1 760 762
508 1 761 762
509 1 763 765
510 1 764 765
511 1 766 768
512 1 767 768
513 1 769 771
514 1 770 771
515 1 772 774
516 1 773 774
517 1 775 777
518 1 776 777
519 1 778 780
520 1 779 780
521 1 781 783
522 1 782 783
523 1 784 786
524 1 785 786
525 1 787 789
526 1 788 789
527 1 790 792
528 1 791 792
529 1 793 795
530 1 794 795
531 1 796 798
532 1 797 798
533 1 799 801
534 1 800 801
535 1 802 804
536 1 803 804
537 1 805 807
538 1 806 807
539 1 808 810
540 1 809 810
541 1 811 813
542 1 812 813
543 1 814 816
544 1 815 816
545 1 817 819
546 1 818 819
547 1 820 822
548 1 821 822
549 1 823 825
550 1 824 825
551 1 826 828
552 1 827 828
553 1 829 831
554 1 830 831
555 1 832 834
556 1 833 834
557 1 835 837
558 1 836 837
559 1 838 840
560 1 839 840
561 1 841 843
562 1 842 843
563 1 844 846
564 1 845 846
565 1 847 849
566 1 848 849
567 1 850 852
568 1 851 852
569 1 853 855
570 1 854 855
571 1 856 858
572 1 857 858
573 1 859 861
574 1 860 861
575 1 862 864
576 1 863 864
577 1 865 867
578 1 866 867
579 1 868 870
580 1 869 870
581 1 871 873
582 1 872 873
583 1 874 876
584 1 875 876
585 1 877 879
586 1 878 879
587 1 880 882
588 1 881 882
589 1 883 885
590 1 884 885
591 1 886 888
592 1 887 888
593 1 889 891
594 1 890 891
595 1 892 894
596 1 893 894
597 1 895 897
598 1 896 897
599 1 898 900
600 1 899 900
601 1 901 903
602 1 902 903
603 1 904 906
604 1 905 906
605 1 907 909
606 1 908 909
607 1 910 912
608 1 911 912
609 1 913 915
610 1 914 915
611 1 916 918
612 1 917 918
613 1 919 921
614 1 920 921
615 1 922 924
616 1 923 924
617 1 925 927
618 1 926 927
619 1 928 930
620 1 929 930
621 1 931 933
622 1 932 933
623 1 934 936
624 1 935 936
625 1 937 939
626 1 938 939
627 1 940 942
628 1 941 942
629 1 943 945
630 1 944 945
631 1 946 948
632 1 947 948
633 1 949 951
634 1 950 951
635 1 952 954
636 1 953 954
637 1 955 957
638 1 956 957
639 1 958 960
640 1 959 960
641 1 961 963
642 1 962 963
643 1 964 966
644 1 965 966
645 1 967 969
646 1 968 969
647 1 970 972
648 1 971 972
649 1 973 975
650 1 974 975
651 1 976 978
652 1 977 978
653 1 979 981
654 1 980 981
655 1 982 984
656 1 983 984
657 1 985 987
658 1 986 987
659 1 988 990
660 1 989 990
661 1 991 993
662 1 992 993
663 1 994 996
664 1 995 996
665 1 997 999
666 1 998 999
667 1 1000 1002
668 1 1001 1002
669 1 1003 1005
670 1 1004 1005
671 1 1006 1008
672 1 1007 1008
673 1 1009 1011
674 1 1010 1011
675 1 1012 1014
676 1 1013 1014
677 1 1015 1017
678 1 1016 1017
679 1 1018 1020
680 1 1019 1020
681 1 1021 1023
682 1 1022 1023
683 1 1024 1026
684 1 1025 1026
685 1 1027 1029
686 1 1028 1029
687 1 1030 1032
688 1 1031 1032
689 1 1033 1035
690 1 1034 1035
691 1 1036 1038
692 1 1037 1038
693 1 1039 1041
694 1 1040 1041
695 1 1042 1044
696 1 1043 1044
697 1 1045 1047
698 1 1046 1047
699 1 1048 1050
700 1 1049 1050
701 1 1051 1053
702 1 1052 1053
703 1 1054 1056
704 1 1055 1056
705 1 1057 1059
706 1 1058 1059
707 1 1060 1062
708 1 1061 1062
709 1 1063 1065
710 1 1064 1065
711 1 1066 1068
712 1 1067 1068
713 1 1069 1071
714 1 1070 1071
715 1 1072 1074
716 1 1073 1074
717 1 1075 1077
718 1 1076 1077
719 1 1078 1080
720 1 1079 1080
721 1 1081 1083
722 1 1082 1083
723 1 1084 1086
724 1 1085 1086
725 1 1087 1089
726 1 1088 1089
727 1 1090 1092
728 1 1091 1092
729 1 1093 1095
730 1 1094 1095
731 1 1096 1098
732 1 1097 1098
733 1 1099 1101
734 1 1100 1101
735 1 1102 1104
736 1 1103 1104
737 1 1105 1107
738 1 1106 1107
739 1 1108 1110
740 1 1109 1110
741 1 1111 1113
742 1 1112 1113
743 1 1114 1116
744 1 1115 1116
745 1 1117 1119
746 1 1118 1119
747 1 1120 1122
748 1 1121 1122
749 1 1123 1125
750 1 1124 1125
751 1 1126 1128
752 1 1127 1128
753 1 1129 1131
754 1 1130 1131
755 1 1132 1134
756 1 1133 1134
757 1 1135 1137
758 1 1136 1137
759 1 1138 1140
760 1 1139 1140
761 1 1141 1143
762 1 1142 1143
763 1 1144 1146
764 1 1145 1146
765 1 1147 1149
766 1 1148 1149
767 1 1150 1152
768 1 1151 1152
769 1 1153 1155
770 1 1154 1155
771 1 1156 1158
772 1 1157 1158
773 1 1159 1161
774 1 1160 1161
775 1 1162 1164
776 1 1163 1164
777 1 1165 1167
778 1 1166 1167
779 1 1168 1170
780 1 1169 1170
781 1 1171 1173
782 1 1172 1173
783 1 1174 1176
784 1 1175 1176
785 1 1177 1179
786 1 1178 1179
787 1 1180 1182
788 1 1181 1182
789 1 1183 1185
790 1 1184 1185
791 1 1186 1188
792 1 1187 1188
793 1 1189 1191
794 1 1190 1191
795 1 1192 1194
796 1 1193 1194
797 1 1195 1197
798 1 1196 1197
799 1 1198 1200
800 1 1199 1200
801 1 1201 1203
802 1 1202 1203
803 1 1204 1206
804 1 1205 1206
805 1 1207 1209
806 1 1208 1209
807 1 1210 1212
808 1 1211 1212
809 1 1213 1215
810 1 1214 1215
811 1 1216 1218
812 1 1217 1218
813 1 1219 1221
814 1 1220 1221
815 1 1222 1224
816 1 1223 1224
817 1 1225 1227
818 1 1226 1227
819 1 1228 1230
820 1 1229 1230
821 1 1231 1233
822 1 1232 1233
823 1 1234 1236
824 1 1235 1236
825 1 1237 1239
826 1 1238 1239
827 1 1240 1242
828 1 1241 1242
829 1 1243 1245
830 1 1244 1245
831 1 1246 1248
832 1 1247 1248
833 1 1249 1251
834 1 1250 1251
835 1 1252 1254
836 1 1253 1254
837 1 1255 1257
838 1 1256 1257
839 1 1258 1260
840 1 1259 1260
841 1 1261 1263
842 1 1262 1263
843 1 1264 1266
844 1 1265 1266
845 1 1267 1269
846 1 1268 1269
847 1 1270 1272
848 1 1271 1272
849 1 1273 1275
850 1 1274 1275
851 1 1276 1278
852 1 1277 1278
853 1 1279 1281
854 1 1280 1281
855 1 1282 1284
856 1 1283 1284
857 1 1285 1287
858 1 1286 1287
859 1 1288 1290
860 1 1289 1290
861 1 1291 1293
862 1 1292 1293
863 1 1294 1296
864 1 1295 1296
865 1 1297 1299
866 1 1298 1299
867 1 1300 1302
868 1 1301 1302
869 1 1303 1305
870 1 1304 1305
871 1 1306 1308
872 1 1307 1308
873 1 1309 1311
874 1 1310 1311
875 1 1312 1314
876 1 1313 1314
877 1 1315 1317
878 1 1316 1317
879 1 1318 1320
880 1 1319 1320
881 1 1321 1323
882 1 1322 1323
883 1 1324 1326
884 1 1325 1326
885 1 1327 1329
886 1 1328 1329
887 1 1330 1332
888 1 1331 1332
889 1 1333 1335
890 1 1334 1335
891 1 1336 1338
892 1 1337 1338
893 1 1339 1341
894 1 1340 1341
895 1 1342 1344
896 1 1343 1344
897 1 1345 1347
898 1 1346 1347
899 1 1348 1350
900 1 1349 1350
901 1 1351 1353
902 1 1352 1353
903 1 1354 1356
904 1 1355 1356
905 1 1357 1359
906 1 1358 1359
907 1 1360 1362
908 1 1361 1362
909 1 1363 1365
910 1 1364 1365
911 1 1366 1368
912 1 1367 1368
913 1 1369 1371
914 1 1370 1371
915 1 1372 1374
916 1 1373 1374
917 1 1375 1377
918 1 1376 1377
919 1 1378 1380
920 1 1379 1380
921 1 1381 1383
922 1 1382 1383
923 1 1384 1386
924 1 1385 1386
925 1 1387 1389
926 1 1388 1389
927 1 1390 1392
928 1 1391 1392
929 1 1393 1395
930 1 1394 1395
931 1 1396 1398
932 1 1397 1398
933 1 1399 1401
934 1 1400 1401
935 1 1402 1404
936 1 1403 1404
937 1 1405 1407
938 1 1406 1407
939 1 1408 1410
940 1 1409 1410
941 1 1411 1413
942 1 1412 1413
943 1 1414 1416
944 1 1415 1416
945 1 1417 1419
946 1 1418 1419
947 1 1420 1422
948 1 1421 1422
949 1 1423 1425
950 1 1424 1425
951 1 1426 1428
952 1 1427 1428
953 1 1429 1431
954 1 1430 1431
955 1 1432 1434
956 1 1433 1434
957 1 1435 1437
958 1 1436 1437
959 1 1438 1440
960 1 1439 1440
961 1 1441 1443
962 1 1442 1443
963 1 1444 1446
964 1 1445 1446
965 1 1447 1449
966 1 1448 1449
967 1 1450 1452
968 1 1451 1452
969 1 1453 1455
970 1 1454 1455
971 1 1456 1458
972 1 1457 1458
973 1 1459 1461
974 1 1460 1461
975 1 1462 1464
976 1 1463 1464
977 1 1465 1467
978 1 1466 1467
979 1 1468 1470
980 1 1469 1470
981 1 1471 1473
982 1 1472 1473
983 1 1474 1476
984 1 1475 1476
985 1 1477 1479
986 1 1478 1479
987 1 1480 1482
988 1 1481 1482
989 1 1483 1485
990 1 1484 1485
991 1 1486 1488
992 1 1487 1488
993 1 1489 1491
994 1 1490 1491
995 1 1492 1494
996 1 1493 1494
997 1 1495 1497
998 1 1496 1497
999 1 1498 1500
1000 1 1499 1500
1001 1 1501 1503
1002 1 1502 1503
1003 1 1504 1506
1004 1 1505 1506
1005 1 1507 1509
1006 1 1508 1509
1007 1 1510 1512
1008 1 1511 1512
1009 1 1513 1515
1010 1 1514 1515
1011 1 1516 1518
1012 1 1517 1518
1013 1 1519 1521
1014 1 1520 1521
1015 1 1522 1524
1016 1 1523 1524
1017 1 1525 1527
1018 1 1526 1527
1019 1 1528 1530
1020 1 1529 1530
1021 1 1531 1533
1022 1 1532 1533
1023 1 1534 1536
1024 1 1535 1536
1025 1 1537 1539
1026 1 1538 1539
1027 1 1540 1542
1028 1 1541 1542
1029 1 1543 1545
1030 1 1544 1545
1031 1 1546 1548
1032 1 1547 1548
1033 1 1549 1551
1034 1 1550 1551
1035 1 1552 1554
1036 1 1553 1554
1037 1 1555 1557
1038 1 1556 1557
1039 1 1558 1560
1040 1 1559 1560
1041 1 1561 1563
1042 1 1562 1563
1043 1 1564 1566
1044 1 1565 1566
1045 1 1567 1569
1046 1 1568 1569
1047 1 1570 1572
1048 1 1571 1572
1049 1 1573 1575
1050 1 1574 1575
1051 1 1576 1578
1052 1 1577 1578
1053 1 1579 1581
1054 1 1580 1581
1055 1 1582 1584
1056 1 1583 1584
1057 1 1585 1587
1058 1 1586 1587
1059 1 1588 1590
1060 1 1589 1590
1061 1 1591 1593
1062 1 1592 1593
1063 1 1594 1596
1064 1 1595 1596
1065 1 1597 1599
1066 1 1598 1599
1067 1 1600 1602
1068 1 1601 1602
1069 1 1603 1605
1070 1 1604 1605
1071 1 1606 1608
1072 1 1607 1608
1073 1 1609 1611
1074 1 1610 1611
1075 1 1612 1614
1076 1 1613 1614
1077 1 1615 1617
1078 1 1616 1617
1079 1 1618 1620
1080 1 1619 1620
1081 1 1621 1623
1082 1 1622 1623
1083 1 1624 1626
1084 1 1625 1626
1085 1 1627 1629
1086 1 1628 1629
1087 1 1630 1632
1088 1 1631 1632
1089 1 1633 1635
1090 1 1634 1635
1091 1 1636 1638
1092 1 1637 1638
1093 1 1639 1641
1094 1 1640 1641
1095 1 1642 1644
1096 1 1643 1644
1097 1 1645 1647
1098 1 1646 1647
1099 1 1648 1650
1100 1 1649 1650
1101 1 1651 1653
1102 1 1652 1653
1103 1 1654 1656
1104 1 1655 1656
1105 1 1657 1659
1106 1 1658 1659
1107 1 1660 1662
1108 1 1661 1662
1109 1 1663 1665
1110 1 1664 1665
1111 1 1666 1668
1112 1 1667 1668
1113 1 1669 1671
1114 1 1670 1671
1115 1 1672 1674
1116 1 1673 1674
1117 1 1675 1677
1118 1 1676 1677
1119 1 1678 1680
1120 1 1679 1680
1121 1 1681 1683
1122 1 1682 1683
1123 1 1684 1686
1124 1 1685 1686
1125 1 1687 1689
1126 1 1688 1689
1127 1 1690 1692
1128 1 1691 1692
1129 1 1693 1695
1130 1 1694 1695
1131 1 1696 1698
1132 1 1697 1698
1133 1 1699 1701
1134 1 1700 1701
1135 1 1702 1704
1136 1 1703 1704
1137 1 1705 1707
1138 1 1706 1707
1139 1 1708 1710
1140 1 1709 1710
1141 1 1711 1713
1142 1 1712 1713
1143 1 1714 1716
1144 1 1715 1716
1145 1 1717 1719
1146 1 1718 1719
1147 1 1720 1722
1148 1 1721 1722
1149 1 1723 1725
1150 1 1724 1725
1151 1 1726 1728
1152 1 1727 1728
1153 1 1729 1731
1154 1 1730 1731
1155 1 1732 1734
1156 1 1733 1734
1157 1 1735 1737
1158 1 1736 1737
1159 1 1738 1740
1160 1 1739 1740
1161 1 1741 1743
1162 1 1742 1743
1163 1 1744 1746
1164 1 1745 1746
1165 1 1747 1749
1166 1 1748 1749
1167 1 1750 1752
1168 1 1751 1752
1169 1 1753 1755
1170 1 1754 1755
1171 1 1756 1758
1172 1 1757 1758
1173 1 1759 1761
1174 1 1760 1761
1175 1 1762 1764
1176 1 1763 1764
1177 1 1765 1767
1178 1 1766 1767
1179 1 1768 1770
1180 1 1769 1770
1181 1 1771 1773
1182 1 1772 1773
1183 1 1774 1776
1184 1 1775 1776
1185 1 1777 1779
1186 1 1778 1779
1187 1 1780 1782
1188 1 1781 1782
1189 1 1783 1785
1190 1 1784 1785
1191 1 1786 1788
1192 1 1787 1788
1193 1 1789 1791
1194 1 1790 1791
1195 1 1792 1794
1196 1 1793 1794
1197 1 1795 1797
1198 1 1796 1797
1199 1 1798 1800
1200 1 1799 1800
1201 1 1801 1803
1202 1 1802 1803
1203 1 1804 1806
1204 1 1805 1806
1205 1 1807 1809
1206 1 1808 1809
1207 1 1810 1812
1208 1 1811 1812
1209 1 1813 1815
1210 1 1814 1815
1211 1 1816 1818
1212 1 1817 1818
1213 1 1819 1821
1214 1 1820 1821
1215 1 1822 1824
1216 1 1823 1824
1217 1 1825 1827
1218 1 1826 1827
1219 1 1828 1830
1220 1 1829 1830
1221 1 1831 1833
1222 1 1832 1833
1223 1 1834 1836
1224 1 1835 1836
1225 1 1837 1839
1226 1 1838 1839
1227 1 1840 1842
1228 1 1841 1842
1229 1 1843 1845
1230 1 1844 1845
1231 1 1846 1848
1232 1 1847 1848
1233 1 1849 1851
1234 1 1850 1851
1235 1 1852 1854
1236 1 1853 1854
1237 1 1855 1857
1238 1 1856 1857
1239 1 1858 1860
1240 1 1859 1860
1241 1 1861 1863
1242 1 1862 1863
1243 1 1864 1866
1244 1 1865 1866
1245 1 1867 1869
1246 1 1868 1869
1247 1 1870 1872
1248 1 1871 1872
1249 1 1873 1875
1250 1 1874 1875
1251 1 1876 1878
1252 1 1877 1878
1253 1 1879 1881
1254 1 1880 1881
1255 1 1882 1884
1256 1 1883 1884
1257 1 1885 1887
1258 1 1886 1887
1259 1 1888 1890
1260 1 1889 1890
1261 1 1891 1893
1262 1 1892 1893
1263 1 1894 1896
1264 1 1895 1896
1265 1 1897 1899
1266 1 1898 1899
1267 1 1900 1902
1268 1 1901 1902
1269 1 1903 1905
1270 1 1904 1905
1271 1 1906 1908
1272 1 1907 1908
1273 1 1909 1911
1274 1 1910 1911
1275 1 1912 1914
1276 1 1913 1914
1277 1 1915 1917
1278 1 1916 1917
1279 1 1918 1920
1280 1 1919 1920
1281 1 1921 1923
1282 1 1922 1923
1283 1 1924 1926
1284 1 1925 1926
1285 1 1927 1929
1286 1 1928 1929
1287 1 1930 1932
1288 1 1931 1932
1289 1 1933 1935
1290 1 1934 1935
1291 1 1936 1938
1292 1 1937 1938
1293 1 1939 1941
1294 1 1940 1941
1295 1 1942 1944
1296 1 1943 1944
1297 1 1945 1947
1298 1 1946 1947
1299 1 1948 1950
1300 1 1949 1950
1301 1 1951 1953
1302 1 1952 1953
1303 1 1954 1956
1304 1 1955 1956
1305 1 1957 1959
1306 1 1958 1959
1307 1 1960 1962
1308 1 1961 1962
1309 1 1963 1965
1310 1 1964 1965
1311 1 1966 1968
1312 1 1967 1968
1313 1 1969 1971
1314 1 1970 1971
1315 1 1972 1974
1316 1 1973 1974
1317 1 1975 1977
1318 1 1976 1977
1319 1 1978 1980
1320 1 1979 1980
1321 1 1981 1983
1322 1 1982 1983
1323 1 1984 1986
1324 1 1985 1986
1325 1 1987 1989
1326 1 1988 1989
1327 1 1990 1992
1328 1 1991 1992
1329 1 1993 1995
1330 1 1994 1995
1331 1 1996 1998
1332 1 1997 1998
1333 1 1999 2001
1334 1 2000 2001
1335 1 2002 2004
1336 1 2003 2004
1337 1 2005 2007
1338 1 2006 2007
1339 1 2008 2010
1340 1 2009 2010
1341 1 2011 2013
1342 1 2012 2013
1343 1 2014 2016
1344 1 2015 2016
1345 1 2017 2019
1346 1 2018 2019
1347 1 2020 2022
1348 1 2021 2022
1349 1 2023 2025
1350 1 2024 2025
1351 1 2026 2028
1352 1 2027 2028
1353 1 2029 2031
1354 1 2030 2031
1355 1 2032 2034
1356 1 2033 2034
1357 1 2035 2037
1358 1 2036 2037
1359 1 2038 2040
1360 1 2039 2040
1361 1 2041 2043
1362 1 2042 2043
1363 1 2044 2046
1364 1 2045 2046
1365 1 2047 2049
1366 1 2048 2049
1367 1 2050 2052
1368 1 2051 2052
1369 1 2053 2055
1370 1 2054 2055
1371 1 2056 2058
1372 1 2057 2058
1373 1 2059 2061
1374 1 2060 2061
1375 1 2062 2064
1376 1 2063 2064
1377 1 2065 2067
1378 1 2066 2067
1379 1 2068 2070
1380 1 2069 2070
1381 1 2071 2073
1382 1 2072 2073
1383 1 2074 2076
1384 1 2075 2076
1385 1 2077 2079
1386 1 2078 2079
1387 1 2080 2082
1388 1 2081 2082
1389 1 2083 2085
1390 1 2084 2085
1391 1 2086 2088
1392 1 2087 2088
1393 1 2089 2091
1394 1 2090 2091
1395 1 2092 2094
1396 1 2093 2094
1397 1 2095 2097
1398 1 2096 2097
1399 1 2098 2100
1400 1 2099 2100
1401 1 2101 2103
1402 1 2102 2103
1403 1 2104 2106
1404 1 2105 2106
1405 1 2107 2109
1406 1 2108 2109
1407 1 2110 2112
1408 1 2111 2112
1409 1 2113 2115
1410 1 2114 2115
1411 1 2116 2118
1412 1 2117 2118
1413 1 2119 2121
1414 1 2120 2121
1415 1 2122 2124
1416 1 2123 2124
1417 1 2125 2127
1418 1 2126 2127
1419 1 2128 2130
1420 1 2129 2130
1421 1 2131 2133
1422 1 2132 2133
1423 1 2134 2136
1424 1 2135 2136
1425 1 2137 2139
1426 1 2138 2139
1427 1 2140 2142
1428 1 2141 2142
1429 1 2143 2145
1430 1 2144 2145
1431 1 2146 2148
1432 1 2147 2148
1433 1 2149 2151
1434 1 2150 2151
1435 1 2152 2154
1436 1 2153 2154
1437 1 2155 2157
1438 1 2156 2157
1439 1 2158 2160
1440 1 2159 2160
1441 1 2161 2163
1442 1 2162 2163
1443 1 2164 2166
1444 1 2165 2166
1445 1 2167 2169
1446 1 2168 2169
1447 1 2170 2172
1448 1 2171 2172
1449 1 2173 2175
1450 1 2174 2175
1451 1 2176 2178
1452 1 2177 2178
1453 1 2179 2181
1454 1 2180 2181
1455 1 2182 2184
1456 1 2183 2184
1457 1 2185 2187
1458 1 2186 2187
1459 1 2188 2190
1460 1 2189 2190
1461 1 2191 2193
1462 1 2192 2193
1463 1 2194 2196
1464 1 2195 2196
1465 1 2197 2199
1466 1 2198 2199
1467 1 2200 2202
1468 1 2201 2202
1469 1 2203 2205
1470 1 2204 2205
1471 1 2206 2208
1472 1 2207 2208
1473 1 2209 2211
1474 1 2210 2211
1475 1 2212 2214
1476 1 2213 2214
1477 1 2215 2217
1478 1 2216 2217
1479 1 2218 2220
1480 1 2219 2220
1481 1 2221 2223
1482 1 2222 2223
1483 1 2224 2226
1484 1 2225 2226
1485 1 2227 2229
1486 1 2228 2229
1487 1 2230 2232
1488 1 2231 2232
1489 1 2233 2235
1490 1 2234 2235
1491 1 2236 2238
1492 1 2237 2238
1493 1 2239 2241
1494 1 2240 2241
1495 1 2242 2244
1496 1 2243 2244
1497 1 2245 2247
1498 1 2246 2247
1499 1 2248 2250
1500 1 2249 2250
1501 1 2251 2253
1502 1 2252 2253
1503 1 2254 2256
1504 1 2255 2256
1505 1 2257 2259
1506 1 2258 2259
1507 1 2260 2262
1508 1 2261 2262
1509 1 2263 2265
1510 1 2264 2265
1511 1 2266 2268
1512 1 2267 2268
1513 1 2269 2271
1514 1 2270 2271
1515 1 2272 2274
1516 1 2273 2274
1517 1 2275 2277
1518 1 2276 2277
1519 1 2278 2280
1520 1 2279 2280
1521 1 2281 2283
1522 1 2282 2283
1523 1 2284 2286
1524 1 2285 2286
1525 1 2287 2289
1526 1 2288 2289
1527 1 2290 2292
1528 1 2291 2292
1529 1 2293 2295
1530 1 2294 2295
1531 1 2296 2298
1532 1 2297 2298
1533 1 2299 2301
1534 1 2300 2301
1535 1 2302 2304
1536 1 2303 2304
1537 1 2305 2307
1538 1 2306 2307
1539 1 2308 2310
1540 1 2309 2310
1541 1 2311 2313
1542 1 2312 2313
1543 1 2314 2316
1544 1 2315 2316
1545 1 2317 2319
1546 1 2318 2319
1547 1 2320 2322
1548 1 2321 2322
1549 1 2323 2325
1550 1 2324 2325
1551 1 2326 2328
1552 1 2327 2328
1553 1 2329 2331
1554 1 2330 2331
1555 1 2332 2334
1556 1 2333 2334
1557 1 2335 2337
1558 1 2336 2337
1559 1 2338 2340
1560 1 2339 2340
1561 1 2341 2343
1562 1 2342 2343
1563 1 2344 2346
1564 1 2345 2346
1565 1 2347 2349
1566 1 2348 2349
1567 1 2350 2352
1568 1 2351 2352
1569 1 2353 2355
1570 1 2354 2355
1571 1 2356 2358
1572 1 2357 2358
1573 1 2359 2361
1574 1 2360 2361
1575 1 2362 2364
1576 1 2363 2364
1577 1 2365 2367
1578 1 2366 2367
1579 1 2368 2370
1580 1 2369 2370
1581 1 2371 2373
1582 1 2372 2373
1583 1 2374 2376
1584 1 2375 2376
1585 1 2377 2379
1586 1 2378 2379
1587 1 2380 2382
1588 1 2381 2382
1589 1 2383 2385
1590 1 2384 2385
1591 1 2386 2388
1592 1 2387 2388
1593 1 2389 2391
1594 1 2390 2391
1595 1 2392 2394
1596 1 2393 2394
1597 1 2395 2397
1598 1 2396 2397
1599 1 2398 2400
1600 1 2399 2400
1601 1 2401 2403
1602 1 2402 2403
1603 1 2404 2406
1604 1 2405 2406
1605 1 2407 2409
1606 1 2408 2409
1607 1 2410 2412
1608 1 2411 2412
1609 1 2413 2415
1610 1 2414 2415
1611 1 2416 2418
1612 1 2417 2418
1613 1 2419 2421
1614 1 2420 2421
1615 1 2422 2424
1616 1 2423 2424
1617 1 2425 2427
1618 1 2426 2427
1619 1 2428 2430
1620 1 2429 2430
1621 1 2431 2433
1622 1 2432 2433
1623 1 2434 2436
1624 1 2435 2436
1625 1 2437 2439
1626 1 2438 2439
1627 1 2440 2442
1628 1 2441 2442
1629 1 2443 2445
1630 1 2444 2445
1631 1 2446 2448
1632 1 2447 2448
1633 1 2449 2451
1634 1 2450 2451
1635 1 2452 2454
1636 1 2453 2454
1637 1 2455 2457
1638 1 2456 2457
1639 1 2458 2460
1640 1 2459 2460
1641 1 2461 2463
1642 1 2462 2463
1643 1 2464 2466
1644 1 2465 2466
1645 1 2467 2469
1646 1 2468 2469
1647 1 2470 2472
1648 1 2471 2472
1649 1 2473 2475
1650 1 2474 2475
1651 1 2476 2478
1652 1 2477 2478
1653 1 2479 2481
1654 1 2480 2481
1655 1 2482 2484
1656 1 2483 2484
1657 1 2485 2487
1658 1 2486 2487
1659 1 2488 2490
1660 1 2489 2490
1661 1 2491 2493
1662 1 2492 2493
1663 1 2494 2496
1664 1 2495 2496
1665 1 2497 2499
1666 1 2498 2499
1667 1 2500 2502
1668 1 2501 2502
1669 1 2503 2505
1670 1 2504 2505
1671 1 2506 2508
1672 1 2507 2508
1673 1 2509 2511
1674 1 2510 2511
1675 1 2512 2514
1676 1 2513 2514
1677 1 2515 2517
1678 1 2516 2517
1679 1 2518 2520
1680 1 2519 2520
1681 1 2521 2523
1682 1 2522 2523
1683 1 2524 2526
1684 1 2525 2526
1685 1 2527 2529
1686 1 2528 2529
1687 1 2530 2532
1688 1 2531 2532
1689 1 2533 2535
1690 1 2534 2535
1691 1 2536 2538
1692 1 2537 2538
1693 1 2539 2541
1694 1 2540 2541
1695 1 2542 2544
1696 1 2543 2544
1697 1 2545 2547
1698 1 2546 2547
1699 1 2548 2550
1700 1 2549 2550
1701 1 2551 2553
1702 1 2552 2553
1703 1 2554 2556
1704 1 2555 2556
1705 1 2557 2559
1706 1 2558 2559
1707 1 2560 2562
1708 1 2561 2562
1709 1 2563 2565
1710 1 2564 2565
1711 1 2566 2568
1712 1 2567 2568
1713 1 2569 2571
1714 1 2570 2571
1715 1 2572 2574
1716 1 2573 2574
1717 1 2575 2577
1718 1 2576 2577
1719 1 2578 2580
1720 1 2579 2580
1721 1 2581 2583
1722 1 2582 2583
1723 1 2584 2586
1724 1 2585 2586
1725 1 2587 2589
1726 1 2588 2589
1727 1 2590 2592
1728 1 2591 2592
1729 1 2593 2595
1730 1 2594 2595
1731 1 2596 2598
1732 1 2597 2598
1733 1 2599 2601
1734 1 2600 2601
1735 1 2602 2604
1736 1 2603 2604
1737 1 2605 2607
1738 1 2606 2607
1739 1 2608 2610
1740 1 2609 2610
1741 1 2611 2613
1742 1 2612 2613
1743 1 2614 2616
1744 1 2615 2616
1745 1 2617 2619
1746 1 2618 2619
1747 1 2620 2622
1748 1 2621 2622
1749 1 2623 2625
1750 1 2624 2625
1751 1 2626 2628
1752 1 2627 2628
1753 1 2629 2631
1754 1 2630 2631
1755 1 2632 2634
1756 1 2633 2634
1757 1 2635 2637
1758 1 2636 2637
1759 1 2638 2640
1760 1 2639 2640
1761 1 2641 2643
1762 1 2642 2643
1763 1 2644 2646
1764 1 2645 2646
1765 1 2647 2649
1766 1 2648 2649
1767 1 2650 2652
1768 1 2651 2652
1769 1 2653 2655
1770 1 2654 2655
1771 1 2656 2658
1772 1 2657 2658
1773 1 2659 2661
1774 1 2660 2661
1775 1 2662 2664
1776 1 2663 2664
1777 1 2665 2667
1778 1 2666 2667
1779 1 2668 2670
1780 1 2669 2670
1781 1 2671 2673
1782 1 2672 2673
1783 1 2674 2676
1784 1 2675 2676
1785 1 2677 2679
1786 1 2678 2679
1787 1 2680 2682
1788 1 2681 2682
1789 1 2683 2685
1790 1 2684 2685
1791 1 2686 2688
1792 1 2687 2688
1793 1 2689 2691
1794 1 2690 2691
1795 1 2692 2694
1796 1 2693 2694
1797 1 2695 2697
1798 1 2696 2697
1799 1 2698 2700
1800 1 2699 2700
1801 1 2701 2703
1802 1 2702 2703
1803 1 2704 2706
1804 1 2705 2706
1805 1 2707 2709
1806 1 2708 2709
1807 1 2710 2712
1808 1 2711 2712
1809 1 2713 2715
1810 1 2714 2715
1811 1 2716 2718
1812 1 2717 2718
1813 1 2719 2721
1814 1 2720 2721
1815 1 2722 2724
1816 1 2723 2724
1817 1 2725 2727
1818 1 2726 2727
1819 1 2728 2730
1820 1 2729 2730
1821 1 2731 2733
1822 1 2732 2733
1823 1 2734 2736
1824 1 2735 2736
1825 1 2737 2739
1826 1 2738 2739
1827 1 2740 2742
1828 1 2741 2742
1829 1 2743 2745
1830 1 2744 2745
1831 1 2746 2748
1832 1 2747 2748
1833 1 2749 2751
1834 1 2750 2751
1835 1 2752 2754
1836 1 2753 2754
1837 1 2755 2757
1838 1 2756 2757
1839 1 2758 2760
1840 1 2759 2760
1841 1 2761 2763
1842 1 2762 2763
1843 1 2764 2766
1844 1 2765 2766
1845 1 2767 2769
1846 1 2768 2769
1847 1 2770 2772
1848 1 2771 2772
1849 1 2773 2775
1850 1 2774 2775
1851 1 2776 2778
1852 1 2777 2778
1853 1 2779 2781
1854 1 2780 2781
1855 1 2782 2784
1856 1 2783 2784
1857 1 2785 2787
1858 1 2786 2787
1859 1 2788 2790
1860 1 2789 2790
1861 1 2791 2793
1862 1 2792 2793
1863 1 2794 2796
1864 1 2795 2796
1865 1 2797 2799
1866 1 2798 2799
1867 1 2800 2802
1868 1 2801 2802
1869 1 2803 2805
1870 1 2804 2805
1871 1 2806 2808
1872 1 2807 2808
1873 1 2809 2811
1874 1 2810 2811
1875 1 2812 2814
1876 1 2813 2814
1877 1 2815 2817
1878 1 2816 2817
1879 1 2818 2820
1880 1 2819 2820
1881 1 2821 2823
1882 1 2822 2823
1883 1 2824 2826
1884 1 2825 2826
1885 1 2827 2829
1886 1 2828 2829
1887 1 2830 2832
1888 1 2831 2832
1889 1 2833 2835
1890 1 2834 2835
1891 1 2836 2838
1892 1 2837 2838
1893 1 2839 2841
1894 1 2840 2841
1895 1 2842 2844
1896 1 2843 2844
1897 1 2845 2847
1898 1 2846 2847
1899 1 2848 2850
1900 1 2849 2850
1901 1 2851 2853
1902 1 2852 2853
1903 1 2854 2856
1904 1 2855 2856
1905 1 2857 2859
1906 1 2858 2859
1907 1 2860 2862
1908 1 2861 2862
1909 1 2863 2865
1910 1 2864 2865
1911 1 2866 2868
1912 1 2867 2868
1913 1 2869 2871
1914 1 2870 2871
1915 1 2872 2874
1916 1 2873 2874
1917 1 2875 2877
1918 1 2876 2877
1919 1 2878 2880
1920 1 2879 2880
1921 1 2881 2883
1922 1 2882 2883
1923 1 2884 2886
1924 1 2885 2886
1925 1 2887 2889
1926 1 2888 2889
1927 1 2890 2892
1928 1 2891 2892
1929 1 2893 2895
1930 1 2894 2895
1931 1 2896 2898
1932 1 2897 2898
1933 1 2899 2901
1934 1 2900 2901
1935 1 2902 2904
1936 1 2903 2904
1937 1 2905 2907
1938 1 2906 2907
1939 1 2908 2910
1940 1 2909 2910
1941 1 2911 2913
1942 1 2912 2913
1943 1 2914 2916
1944 1 2915 2916
1945 1 2917 2919
1946 1 2918 2919
1947 1 2920 2922
1948 1 2921 2922
1949 1 2923 2925
1950 1 2924 2925
1951 1 2926 2928
1952 1 2927 2928
1953 1 2929 2931
1954 1 2930 2931
1955 1 2932 2934
1956 1 2933 2934
1957 1 2935 2937
1958 1 2936 2937
1959 1 2938 2940
1960 1 2939 2940
1961 1 2941 2943
1962 1 2942 2943
1963 1 2944 2946
1964 1 2945 2946
1965 1 2947 2949
1966 1 2948 2949
1967 1 2950 2952
1968 1 2951 2952
1969 1 2953 2955
1970 1 2954 2955
1971 1 2956 2958
1972 1 2957 2958
1973 1 2959 2961
1974 1 2960 2961
1975 1 2962 2964
1976 1 2963 2964
1977 1 2965 2967
1978 1 2966 2967
1979 1 2968 2970
1980 1 2969 2970
1981 1 2971 2973
1982 1 2972 2973
1983 1 2974 2976
1984 1 2975 2976
1985 1 2977 2979
1986 1 2978 2979
1987 1 2980 2982
1988 1 2981 2982
1989 1 2983 2985
1990 1 2984 2985
1991 1 2986 2988
1992 1 2987 2988
1993 1 2989 2991
1994 1 2990 2991
1995 1 2992 2994
1996 1 2993 2994
1997 1 2995 2997
1998 1 2996 2997
1999 1 2998 3000
2000 1 2999 3000
