1 1 1 3 2
2 1 4 6 5
3 1 7 9 8
4 1 10 12 11
5 1 13 15 14
6 1 16 18 17
7 1 19 21 20
8 1 22 24 23
9 1 25 27 26
10 1 28 30 29
11 1 31 33 32
12 1 34 36 35
13 1 37 39 38
14 1 40 42 41
15 1 43 45 44
16 1 46 48 47
17 1 49 51 50
18 1 52 54 53
19 1 55 57 56
20 1 58 60 59
21 1 61 63 62
22 1 64 66 65
23 1 67 69 68
24 1 70 72 71
25 1 73 75 74
26 1 76 78 77
27 1 79 81 80
28 1 82 84 83
29 1 85 87 86
30 1 88 90 89
31 1 91 93 92
32 1 94 96 95
33 1 97 99 98
34 1 100 102 101
35 1 103 105 104
36 1 106 108 107
37 1 109 111 110
38 1 112 114 113
39 1 115 117 116
40 1 118 120 119
41 1 121 123 122
42 1 124 126 125
43 1 127 129 128
44 1 130 132 131
45 1 133 135 134
46 1 136 138 137
47 1 139 141 140
48 1 142 144 143
49 1 145 147 146
50 1 148 150 149
51 1 151 153 152
52 1 154 156 155
53 1 157 159 158
54 1 160 162 161
55 1 163 165 164
56 1 166 168 167
57 1 169 171 170
58 1 172 174 173
59 1 175 177 176
60 1 178 180 179
61 1 181 183 182
62 1 184 186 185
63 1 187 189 188
64 1 190 192 191
65 1 193 195 194
66 1 196 198 197
67 1 199 201 200
68 1 202 204 203
69 1 205 207 206
70 1 208 210 209
71 1 211 213 212
72 1 214 216 215
73 1 217 219 218
74 1 220 222 221
75 1 223 225 224
76 1 226 228 227
77 1 229 231 230
78 1 232 234 233
79 1 235 237 236
80 1 238 240 239
81 1 241 243 242
82 1 244 246 245
83 1 247 249 248
84 1 250 252 251
85 1 253 255 254
86 1 256 258 257
87 1 259 261 260
88 1 262 264 263
89 1 265 267 266
90 1 268 270 269
91 1 271 273 272
92 1 274 276 275
93 1 277 279 278
94 1 280 282 281
95 1 283 285 284
96 1 286 288 287
97 1 289 291 290
98 1 292 294 293
99 1 295 297 296
100 1 298 300 299
101 1 301 303 302
102 1 304 306 305
103 1 307 309 308
104 1 310 312 311
105 1 313 315 314
106 1 316 318 317
107 1 319 321 320
108 1 322 324 323
109 1 325 327 326
110 1 328 330 329
111 1 331 333 332
112 1 334 336 335
113 1 337 339 338
114 1 340 342 341
115 1 343 345 344
116 1 346 348 347
117 1 349 351 350
118 1 352 354 353
119 1 355 357 356
120 1 358 360 359
121 1 361 363 362
122 1 364 366 365
123 1 367 369 368
124 1 370 372 371
125 1 373 375 374
126 1 376 378 377
127 1 379 381 380
128 1 382 384 383
129 1 385 387 386
130 1 388 390 389
131 1 391 393 392
132 1 394 396 395
133 1 397 399 398
134 1 400 402 401
135 1 403 405 404
136 1 406 408 407
137 1 409 411 410
138 1 412 414 413
139 1 415 417 416
140 1 418 420 419
141 1 421 423 422
142 1 424 426 425
143 1 427 429 428
144 1 430 432 431
145 1 433 435 434
146 1 436 438 437
147 1 439 441 440
148 1 442 444 443
149 1 445 447 446
150 1 448 450 449
151 1 451 453 452
152 1 454 456 455
153 1 457 459 458
154 1 460 462 461
155 1 463 465 464
156 1 466 468 467
157 1 469 471 470
158 1 472 474 473
159 1 475 477 476
160 1 478 480 479
161 1 481 483 482
162 1 484 486 485
163 1 487 489 488
164 1 490 492 491
165 1 493 495 494
166 1 496 498 497
167 1 499 501 500
168 1 502 504 503
169 1 505 507 506
170 1 508 510 509
171 1 511 513 512
172 1 514 516 515
173 1 517 519 518
174 1 520 522 521
175 1 523 525 524
176 1 526 528 527
177 1 529 531 530
178 1 532 534 533
179 1 535 537 536
180 1 538 540 539
181 1 541 543 542
182 1 544 546 545
183 1 547 549 548
184 1 550 552 551
185 1 553 555 554
186 1 556 558 557
187 1 559 561 560
188 1 562 564 563
189 1 565 567 566
190 1 568 570 569
191 1 571 573 572
192 1 574 576 575
193 1 577 579 578
194 1 580 582 581
195 1 583 585 584
196 1 586 588 587
197 1 589 591 590
198 1 592 594 593
199 1 595 597 596
200 1 598 600 599
201 1 601 603 602
202 1 604 606 605
203 1 607 609 608
204 1 610 612 611
205 1 613 615 614
206 1 616 618 617
207 1 619 621 620
208 1 622 624 623
209 1 625 627 626
210 1 628 630 629
211 1 631 633 632
212 1 634 636 635
213 1 637 639 638
214 1 640 642 641
215 1 643 645 644
216 1 646 648 647
217 1 649 651 650
218 1 652 654 653
219 1 655 657 656
220 1 658 660 659
221 1 661 663 662
222 1 664 666 665
223 1 667 669 668
224 1 670 672 671
225 1 673 675 674
226 1 676 678 677
227 1 679 681 680
228 1 682 684 683
229 1 685 687 686
230 1 688 690 689
231 1 691 693 692
232 1 694 696 695
233 1 697 699 698
234 1 700 702 701
235 1 703 705 704
236 1 706 708 707
237 1 709 711 710
238 1 712 714 713
239 1 715 717 716
240 1 718 720 719
241 1 721 723 722
242 1 724 726 725
243 1 727 729 728
244 1 730 732 731
245 1 733 735 734
246 1 736 738 737
247 1 739 741 740
248 1 742 744 743
249 1 745 747 746
250 1 748 750 749
251 1 751 753 752
252 1 754 756 755
253 1 757 759 758
254 1 760 762 761
255 1 763 765 764
256 1 766 768 767
257 1 769 771 770
258 1 772 774 773
259 1 775 777 776
260 1 778 780 779
261 1 781 783 782
262 1 784 786 785
263 1 787 789 788
264 1 790 792 791
265 1 793 795 794
266 1 796 798 797
267 1 799 801 800
268 1 802 804 803
269 1 805 807 806
270 1 808 810 809
271 1 811 813 812
272 1 814 816 815
273 1 817 819 818
274 1 820 822 821
275 1 823 825 824
276 1 826 828 827
277 1 829 831 830
278 1 832 834 833
279 1 835 837 836
280 1 838 840 839
281 1 841 843 842
282 1 844 846 845
283 1 847 849 848
284 1 850 852 851
285 1 853 855 854
286 1 856 858 857
287 1 859 861 860
288 1 862 864 863
289 1 865 867 866
290 1 868 870 869
291 1 871 873 872
292 1 874 876 875
293 1 877 879 878
294 1 880 882 881
295 1 883 885 884
296 1 886 888 887
297 1 889 891 890
298 1 892 894 893
299 1 895 897 896
300 1 898 900 899
301 1 901 903 902
302 1 904 906 905
303 1 907 909 908
304 1 910 912 911
305 1 913 915 914
306 1 916 918 917
307 1 919 921 920
308 1 922 924 923
309 1 925 927 926
310 1 928 930 929
311 1 931 933 932
312 1 934 936 935
313 1 937 939 938
314 1 940 942 941
315 1 943 945 944
316 1 946 948 947
317 1 949 951 950
318 1 952 954 953
319 1 955 957 956
320 1 958 960 959
321 1 961 963 962
322 1 964 966 965
323 1 967 969 968
324 1 970 972 971
325 1 973 975 974
326 1 976 978 977
327 1 979 981 980
328 1 982 984 983
329 1 985 987 986
330 1 988 990 989
331 1 991 993 992
332 1 994 996 995
333 1 997 999 998
334 1 1000 1002 1001
335 1 1003 1005 1004
336 1 1006 1008 1007
337 1 1009 1011 1010
338 1 1012 1014 1013
339 1 1015 1017 1016
340 1 1018 1020 1019
341 1 1021 1023 1022
342 1 1024 1026 1025
343 1 1027 1029 1028
344 1 1030 1032 1031
345 1 1033 1035 1034
346 1 1036 1038 1037
347 1 1039 1041 1040
348 1 1042 1044 1043
349 1 1045 1047 1046
350 1 1048 1050 1049
351 1 1051 1053 1052
352 1 1054 1056 1055
353 1 1057 1059 1058
354 1 1060 1062 1061
355 1 1063 1065 1064
356 1 1066 1068 1067
357 1 1069 1071 1070
358 1 1072 1074 1073
359 1 1075 1077 1076
360 1 1078 1080 1079
361 1 1081 1083 1082
362 1 1084 1086 1085
363 1 1087 1089 1088
364 1 1090 1092 1091
365 1 1093 1095 1094
366 1 1096 1098 1097
367 1 1099 1101 1100
368 1 1102 1104 1103
369 1 1105 1107 1106
370 1 1108 1110 1109
371 1 1111 1113 1112
372 1 1114 1116 1115
373 1 1117 1119 1118
374 1 1120 1122 1121
375 1 1123 1125 1124
376 1 1126 1128 1127
377 1 1129 1131 1130
378 1 1132 1134 1133
379 1 1135 1137 1136
380 1 1138 1140 1139
381 1 1141 1143 1142
382 1 1144 1146 1145
383 1 1147 1149 1148
384 1 1150 1152 1151
385 1 1153 1155 1154
386 1 1156 1158 1157
387 1 1159 1161 1160
388 1 1162 1164 1163
389 1 1165 1167 1166
390 1 1168 1170 1169
391 1 1171 1173 1172
392 1 1174 1176 1175
393 1 1177 1179 1178
394 1 1180 1182 1181
395 1 1183 1185 1184
396 1 1186 1188 1187
397 1 1189 1191 1190
398 1 1192 1194 1193
399 1 1195 1197 1196
400 1 1198 1200 1199
401 1 1201 1203 1202
402 1 1204 1206 1205
403 1 1207 1209 1208
404 1 1210 1212 1211
405 1 1213 1215 1214
406 1 1216 1218 1217
407 1 1219 1221 1220
408 1 1222 1224 1223
409 1 1225 1227 1226
410 1 1228 1230 1229
411 1 1231 1233 1232
412 1 1234 1236 1235
413 1 1237 1239 1238
414 1 1240 1242 1241
415 1 1243 1245 1244
416 1 1246 1248 1247
417 1 1249 1251 1250
418 1 1252 1254 1253
419 1 1255 1257 1256
420 1 1258 1260 1259
421 1 1261 1263 1262
422 1 1264 1266 1265
423 1 1267 1269 1268
424 1 1270 1272 1271
425 1 1273 1275 1274
426 1 1276 1278 1277
427 1 1279 1281 1280
428 1 1282 1284 1283
429 1 1285 1287 1286
430 1 1288 1290 1289
431 1 1291 1293 1292
432 1 1294 1296 1295
433 1 1297 1299 1298
434 1 1300 1302 1301
435 1 1303 1305 1304
436 1 1306 1308 1307
437 1 1309 1311 1310
438 1 1312 1314 1313
439 1 1315 1317 1316
440 1 1318 1320 1319
441 1 1321 1323 1322
442 1 1324 1326 1325
443 1 1327 1329 1328
444 1 1330 1332 1331
445 1 1333 1335 1334
446 1 1336 1338 1337
447 1 1339 1341 1340
448 1 1342 1344 1343
449 1 1345 1347 1346
450 1 1348 1350 1349
451 1 1351 1353 1352
452 1 1354 1356 1355
453 1 1357 1359 1358
454 1 1360 1362 1361
455 1 1363 1365 1364
456 1 1366 1368 1367
457 1 1369 1371 1370
458 1 1372 1374 1373
459 1 1375 1377 1376
460 1 1378 1380 1379
461 1 1381 1383 1382
462 1 1384 1386 1385
463 1 1387 1389 1388
464 1 1390 1392 1391
465 1 1393 1395 1394
466 1 1396 1398 1397
467 1 1399 1401 1400
468 1 1402 1404 1403
469 1 1405 1407 1406
470 1 1408 1410 1409
471 1 1411 1413 1412
472 1 1414 1416 1415
473 1 1417 1419 1418
474 1 1420 1422 1421
475 1 1423 1425 1424
476 1 1426 1428 1427
477 1 1429 1431 1430
478 1 1432 1434 1433
479 1 1435 1437 1436
480 1 1438 1440 1439
481 1 1441 1443 1442
482 1 1444 1446 1445
483 1 1447 1449 1448
484 1 1450 1452 1451
485 1 1453 1455 1454
486 1 1456 1458 1457
487 1 1459 1461 1460
488 1 1462 1464 1463
489 1 1465 1467 1466
490 1 1468 1470 1469
491 1 1471 1473 1472
492 1 1474 1476 1475
493 1 1477 1479 1478
494 1 1480 1482 1481
495 1 1483 1485 1484
496 1 1486 1488 1487
497 1 1489 1491 1490
498 1 1492 1494 1493
499 1 1495 1497 1496
500 1 1498 1500 1499
501 1 1501 1503 1502
502 1 1504 1506 1505
503 1 1507 1509 1508
504 1 1510 1512 1511
505 1 1513 1515 1514
506 1 1516 1518 1517
507 1 1519 1521 1520
508 1 1522 1524 1523
509 1 1525 1527 1526
510 1 1528 1530 1529
511 1 1531 1533 1532
512 1 1534 1536 1535
513 1 1537 1539 1538
514 1 1540 1542 1541
515 1 1543 1545 1544
516 1 1546 1548 1547
517 1 1549 1551 1550
518 1 1552 1554 1553
519 1 1555 1557 1556
520 1 1558 1560 1559
521 1 1561 1563 1562
522 1 1564 1566 1565
523 1 1567 1569 1568
524 1 1570 1572 1571
525 1 1573 1575 1574
526 1 1576 1578 1577
527 1 1579 1581 1580
528 1 1582 1584 1583
529 1 1585 1587 1586
530 1 1588 1590 1589
531 1 1591 1593 1592
532 1 1594 1596 1595
533 1 1597 1599 1598
534 1 1600 1602 1601
535 1 1603 1605 1604
536 1 1606 1608 1607
537 1 1609 1611 1610
538 1 1612 1614 1613
539 1 1615 1617 1616
540 1 1618 1620 1619
541 1 1621 1623 1622
542 1 1624 1626 1625
543 1 1627 1629 1628
544 1 1630 1632 1631
545 1 1633 1635 1634
546 1 1636 1638 1637
547 1 1639 1641 1640
548 1 1642 1644 1643
549 1 1645 1647 1646
550 1 1648 1650 1649
551 1 1651 1653 1652
552 1 1654 1656 1655
553 1 1657 1659 1658
554 1 1660 1662 1661
555 1 1663 1665 1664
556 1 1666 1668 1667
557 1 1669 1671 1670
558 1 1672 1674 1673
559 1 1675 1677 1676
560 1 1678 1680 1679
561 1 1681 1683 1682
562 1 1684 1686 1685
563 1 1687 1689 1688
564 1 1690 1692 1691
565 1 1693 1695 1694
566 1 1696 1698 1697
567 1 1699 1701 1700
568 1 1702 1704 1703
569 1 1705 1707 1706
570 1 1708 1710 1709
571 1 1711 1713 1712
572 1 1714 1716 1715
573 1 1717 1719 1718
574 1 1720 1722 1721
575 1 1723 1725 1724
576 1 1726 1728 1727
577 1 1729 1731 1730
578 1 1732 1734 1733
579 1 1735 1737 1736
580 1 1738 1740 1739
581 1 1741 1743 1742
582 1 1744 1746 1745
583 1 1747 1749 1748
584 1 1750 1752 1751
585 1 1753 1755 1754
586 1 1756 1758 1757
587 1 1759 1761 1760
588 1 1762 1764 1763
589 1 1765 1767 1766
590 1 1768 1770 1769
591 1 1771 1773 1772
592 1 1774 1776 1775
593 1 1777 1779 1778
594 1 1780 1782 1781
595 1 1783 1785 1784
596 1 1786 1788 1787
597 1 1789 1791 1790
598 1 1792 1794 1793
599 1 1795 1797 1796
600 1 1798 1800 1799
601 1 1801 1803 1802
602 1 1804 1806 1805
603 1 1807 1809 1808
604 1 1810 1812 1811
605 1 1813 1815 1814
606 1 1816 1818 1817
607 1 1819 1821 1820
608 1 1822 1824 1823
609 1 1825 1827 1826
610 1 1828 1830 1829
611 1 1831 1833 1832
612 1 1834 1836 1835
613 1 1837 1839 1838
614 1 1840 1842 1841
615 1 1843 1845 1844
616 1 1846 1848 1847
617 1 1849 1851 1850
618 1 1852 1854 1853
619 1 1855 1857 1856
620 1 1858 1860 1859
621 1 1861 1863 1862
622 1 1864 1866 1865
623 1 1867 1869 1868
624 1 1870 1872 1871
625 1 1873 1875 1874
626 1 1876 1878 1877
627 1 1879 1881 1880
628 1 1882 1884 1883
629 1 1885 1887 1886
630 1 1888 1890 1889
631 1 1891 1893 1892
632 1 1894 1896 1895
633 1 1897 1899 1898
634 1 1900 1902 1901
635 1 1903 1905 1904
636 1 1906 1908 1907
637 1 1909 1911 1910
638 1 1912 1914 1913
639 1 1915 1917 1916
640 1 1918 1920 1919
641 1 1921 1923 1922
642 1 1924 1926 1925
643 1 1927 1929 1928
644 1 1930 1932 1931
645 1 1933 1935 1934
646 1 1936 1938 1937
647 1 1939 1941 1940
648 1 1942 1944 1943
649 1 1945 1947 1946
650 1 1948 1950 1949
651 1 1951 1953 1952
652 1 1954 1956 1955
653 1 1957 1959 1958
654 1 1960 1962 1961
655 1 1963 1965 1964
656 1 1966 1968 1967
657 1 1969 1971 1970
658 1 1972 1974 1973
659 1 1975 1977 1976
660 1 1978 1980 1979
661 1 1981 1983 1982
662 1 1984 1986 1985
663 1 1987 1989 1988
664 1 1990 1992 1991
665 1 1993 1995 1994
666 1 1996 1998 1997
667 1 1999 2001 2000
668 1 2002 2004 2003
669 1 2005 2007 2006
670 1 2008 2010 2009
671 1 2011 2013 2012
672 1 2014 2016 2015
673 1 2017 2019 2018
674 1 2020 2022 2021
675 1 2023 2025 2024
676 1 2026 2028 2027
677 1 2029 2031 2030
678 1 2032 2034 2033
679 1 2035 2037 2036
680 1 2038 2040 2039
681 1 2041 2043 2042
682 1 2044 2046 2045
683 1 2047 2049 2048
684 1 2050 2052 2051
685 1 2053 2055 2054
686 1 2056 2058 2057
687 1 2059 2061 2060
688 1 2062 2064 2063
689 1 2065 2067 2066
690 1 2068 2070 2069
691 1 2071 2073 2072
692 1 2074 2076 2075
693 1 2077 2079 2078
694 1 2080 2082 2081
695 1 2083 2085 2084
696 1 2086 2088 2087
697 1 2089 2091 2090
698 1 2092 2094 2093
699 1 2095 2097 2096
700 1 2098 2100 2099
701 1 2101 2103 2102
702 1 2104 2106 2105
703 1 2107 2109 2108
704 1 2110 2112 2111
705 1 2113 2115 2114
706 1 2116 2118 2117
707 1 2119 2121 2120
708 1 2122 2124 2123
709 1 2125 2127 2126
710 1 2128 2130 2129
711 1 2131 2133 2132
712 1 2134 2136 2135
713 1 2137 2139 2138
714 1 2140 2142 2141
715 1 2143 2145 2144
716 1 2146 2148 2147
717 1 2149 2151 2150
718 1 2152 2154 2153
719 1 2155 2157 2156
720 1 2158 2160 2159
721 1 2161 2163 2162
722 1 2164 2166 2165
723 1 2167 2169 2168
724 1 2170 2172 2171
725 1 2173 2175 2174
726 1 2176 2178 2177
727 1 2179 2181 2180
728 1 2182 2184 2183
729 1 2185 2187 2186
730 1 2188 2190 2189
731 1 2191 2193 2192
732 1 2194 2196 2195
733 1 2197 2199 2198
734 1 2200 2202 2201
735 1 2203 2205 2204
736 1 2206 2208 2207
737 1 2209 2211 2210
738 1 2212 2214 2213
739 1 2215 2217 2216
740 1 2218 2220 2219
741 1 2221 2223 2222
742 1 2224 2226 2225
743 1 2227 2229 2228
744 1 2230 2232 2231
745 1 2233 2235 2234
746 1 2236 2238 2237
747 1 2239 2241 2240
748 1 2242 2244 2243
749 1 2245 2247 2246
750 1 2248 2250 2249
751 1 2251 2253 2252
752 1 2254 2256 2255
753 1 2257 2259 2258
754 1 2260 2262 2261
755 1 2263 2265 2264
756 1 2266 2268 2267
757 1 2269 2271 2270
758 1 2272 2274 2273
759 1 2275 2277 2276
760 1 2278 2280 2279
761 1 2281 2283 2282
762 1 2284 2286 2285
763 1 2287 2289 2288
764 1 2290 2292 2291
765 1 2293 2295 2294
766 1 2296 2298 2297
767 1 2299 2301 2300
768 1 2302 2304 2303
769 1 2305 2307 2306
770 1 2308 2310 2309
771 1 2311 2313 2312
772 1 2314 2316 2315
773 1 2317 2319 2318
774 1 2320 2322 2321
775 1 2323 2325 2324
776 1 2326 2328 2327
777 1 2329 2331 2330
778 1 2332 2334 2333
779 1 2335 2337 2336
780 1 2338 2340 2339
781 1 2341 2343 2342
782 1 2344 2346 2345
783 1 2347 2349 2348
784 1 2350 2352 2351
785 1 2353 2355 2354
786 1 2356 2358 2357
787 1 2359 2361 2360
788 1 2362 2364 2363
789 1 2365 2367 2366
790 1 2368 2370 2369
791 1 2371 2373 2372
792 1 2374 2376 2375
793 1 2377 2379 2378
794 1 2380 2382 2381
795 1 2383 2385 2384
796 1 2386 2388 2387
797 1 2389 2391 2390
798 1 2392 2394 2393
799 1 2395 2397 2396
800 1 2398 2400 2399
801 1 2401 2403 2402
802 1 2404 2406 2405
803 1 2407 2409 2408
804 1 2410 2412 2411
805 1 2413 2415 2414
806 1 2416 2418 2417
807 1 2419 2421 2420
808 1 2422 2424 2423
809 1 2425 2427 2426
810 1 2428 2430 2429
811 1 2431 2433 2432
812 1 2434 2436 2435
813 1 2437 2439 2438
814 1 2440 2442 2441
815 1 2443 2445 2444
816 1 2446 2448 2447
817 1 2449 2451 2450
818 1 2452 2454 2453
819 1 2455 2457 2456
820 1 2458 2460 2459
821 1 2461 2463 2462
822 1 2464 2466 2465
823 1 2467 2469 2468
824 1 2470 2472 2471
825 1 2473 2475 2474
826 1 2476 2478 2477
827 1 2479 2481 2480
828 1 2482 2484 2483
829 1 2485 2487 2486
830 1 2488 2490 2489
831 1 2491 2493 2492
832 1 2494 2496 2495
833 1 2497 2499 2498
834 1 2500 2502 2501
835 1 2503 2505 2504
836 1 2506 2508 2507
837 1 2509 2511 2510
838 1 2512 2514 2513
839 1 2515 2517 2516
840 1 2518 2520 2519
841 1 2521 2523 2522
842 1 2524 2526 2525
843 1 2527 2529 2528
844 1 2530 2532 2531
845 1 2533 2535 2534
846 1 2536 2538 2537
847 1 2539 2541 2540
848 1 2542 2544 2543
849 1 2545 2547 2546
850 1 2548 2550 2549
851 1 2551 2553 2552
852 1 2554 2556 2555
853 1 2557 2559 2558
854 1 2560 2562 2561
855 1 2563 2565 2564
856 1 2566 2568 2567
857 1 2569 2571 2570
858 1 2572 2574 2573
859 1 2575 2577 2576
860 1 2578 2580 2579
861 1 2581 2583 2582
862 1 2584 2586 2585
863 1 2587 2589 2588
864 1 2590 2592 2591
865 1 2593 2595 2594
866 1 2596 2598 2597
867 1 2599 2601 2600
868 1 2602 2604 2603
869 1 2605 2607 2606
870 1 2608 2610 2609
871 1 2611 2613 2612
872 1 2614 2616 2615
873 1 2617 2619 2618
874 1 2620 2622 2621
875 1 2623 2625 2624
876 1 2626 2628 2627
877 1 2629 2631 2630
878 1 2632 2634 2633
879 1 2635 2637 2636
880 1 2638 2640 2639
881 1 2641 2643 2642
882 1 2644 2646 2645
883 1 2647 2649 2648
884 1 2650 2652 2651
885 1 2653 2655 2654
886 1 2656 2658 2657
887 1 2659 2661 2660
888 1 2662 2664 2663
889 1 2665 2667 2666
890 1 2668 2670 2669
891 1 2671 2673 2672
892 1 2674 2676 2675
893 1 2677 2679 2678
894 1 2680 2682 2681
895 1 2683 2685 2684
896 1 2686 2688 2687
897 1 2689 2691 2690
898 1 2692 2694 2693
899 1 2695 2697 2696
900 1 2698 2700 2699
901 1 2701 2703 2702
