8.020870 21.181350 9.373447
7.510580 21.603705 7.880829
7.221748 21.414132 8.819224
13.189040 17.514163 11.341935
13.284606 15.891714 11.500731
13.420181 16.660324 10.875586
28.341334 10.311368 28.577628
28.863372 11.073490 27.231027
28.877494 10.212474 27.739356
13.692324 4.749939 0.288743
13.406883 6.337970 0.037007
14.095836 5.614728 -0.010033
18.807174 24.072639 29.552890
19.433662 25.419085 28.873709
19.591035 24.449145 29.059175
25.397092 4.542320 26.561879
25.081498 4.876272 28.128904
25.804655 4.766970 27.446963
18.284403 7.227329 15.506359
16.724179 7.609130 15.212047
17.450342 6.945616 15.032093
16.305504 10.651411 9.770368
16.564746 10.833481 8.168390
15.870248 10.829276 8.887835
25.871786 15.398678 22.870135
25.654010 17.009831 23.023267
25.864996 16.271678 22.382515
24.030080 6.505517 21.712318
22.569934 5.974232 22.214711
23.277766 6.667321 22.350903
27.970221 2.593219 24.032118
26.972125 3.507219 23.118283
27.919382 3.215678 23.251152
11.972104 29.826633 21.282976
10.983778 30.001005 19.994762
11.889786 29.701974 20.294223
20.251466 19.770845 29.441433
21.545501 20.766393 29.409065
20.915854 20.264802 30.002275
0.002381 1.611744 21.865116
0.000264 -0.021196 21.878971
0.431768 0.791452 21.487366
19.078558 13.275288 9.071536
18.713483 14.864159 8.977210
19.067488 14.076398 8.473165
26.260473 7.668404 13.648678
24.847147 8.254913 14.218945
25.424283 8.161034 13.407744
0.763047 2.340929 25.317465
-0.001590 3.582812 24.582791
0.064805 2.587003 24.645265
12.496960 16.077840 8.308795
11.952814 17.607239 8.131221
12.316624 16.809115 7.651024
12.026070 4.937740 25.905436
12.700067 5.390356 24.488554
12.586809 5.630856 25.452545
16.663109 1.803413 4.558706
17.194068 3.302690 4.928758
16.895718 2.702111 4.186977
9.778700 15.349768 27.489719
9.092398 16.738584 28.006311
9.412597 16.235283 27.203748
12.653560 11.531031 15.087053
13.475510 12.769709 14.411210
13.146680 12.381095 15.271906
14.641695 6.840993 10.084940
13.646284 8.006651 9.521834
13.818403 7.374868 10.277594
6.817843 11.586093 10.135828
5.325790 11.986493 10.665118
6.130779 11.420638 10.843299
6.936428 19.665621 0.956136
5.622168 19.517690 -0.001740
6.541746 19.170541 0.182140
20.772736 24.815413 4.434217
21.916347 23.651504 4.369736
21.234659 24.156600 3.840466
25.948190 19.941285 15.778374
24.492091 20.257319 15.110102
25.053009 20.359767 15.931578
4.006804 28.520467 13.989101
4.875785 27.463705 14.880625
4.758362 27.861101 13.970551
24.971322 27.474484 3.508991
24.019922 28.801698 3.514484
24.497539 28.137076 4.089034
15.735808 23.280773 29.826105
16.200767 21.719223 29.716277
16.480098 22.636236 30.000896
24.274660 24.492683 9.801165
25.779736 24.753394 9.223701
24.971366 24.168060 9.161501
2.292690 26.197736 11.844567
2.679416 24.624365 12.048614
2.588510 25.508815 12.506251
5.695038 26.157423 16.445106
6.924312 27.189889 16.145796
6.344341 26.795652 16.858648
26.087255 16.487597 3.659978
27.013536 17.827947 3.549732
26.635171 17.146145 4.175778
5.556703 10.394953 27.325460
4.719871 8.994205 27.259846
5.620612 9.413301 27.145957
9.302356 26.293330 26.693985
8.406496 24.928015 26.700051
8.860116 25.609504 27.274289
15.793952 11.493361 20.100260
17.339886 11.323956 19.602187
16.561798 10.857469 20.022801
22.122576 14.142491 29.989374
22.560399 15.120057 28.756749
22.098670 15.080197 29.642845
7.831409 19.526930 29.034445
9.091840 19.158018 30.004962
8.687100 19.013921 29.101985
0.613128 20.870054 1.839412
0.883374 22.480218 1.871459
0.186318 21.767565 1.950111
20.159439 23.586066 14.736236
18.933051 22.745698 15.411840
19.175620 23.409843 14.704720
16.193267 29.528610 22.413574
17.482484 29.172955 21.476494
16.687206 29.770523 21.578439
21.843112 29.644222 4.841968
21.249442 28.166091 5.201652
21.987407 28.659811 4.741657
24.959968 21.475664 18.465768
25.913381 20.207550 18.852522
25.859363 21.059593 18.331895
20.718550 1.550893 17.450605
20.365335 2.616776 18.636278
20.612861 1.668426 18.438007
30.030612 13.967875 1.887670
29.896023 12.928270 0.635554
29.992652 13.890106 0.891448
21.338802 9.927452 11.659118
19.831023 10.200464 12.223704
20.753283 9.902063 12.469347
22.193740 1.353452 15.841617
23.633867 1.374917 15.072030
23.183646 1.274781 15.959285
21.647616 -0.000967 23.436250
22.684885 1.260278 23.441029
22.160421 0.632262 24.015904
25.665924 17.684632 27.461845
25.652096 19.255232 27.908739
25.479032 18.618584 27.157291
23.399575 28.625700 23.439496
23.271954 27.004961 23.285851
23.290663 27.764534 23.935963
30.001186 6.658710 7.276284
30.006732 5.240855 6.466131
30.000525 5.663370 7.372437
5.125236 0.952329 21.582040
5.241961 2.563928 21.818289
4.991016 1.850695 21.163864
27.871532 6.443163 9.924542
26.756810 5.249876 9.912244
27.342777 5.825735 9.342177
7.574702 4.042079 20.766443
8.590755 3.427744 21.887566
8.192312 4.267931 21.519767
8.925154 0.270501 13.426120
8.545978 0.469354 15.001992
9.205530 0.070512 14.364917
7.526032 2.398375 23.561998
6.872931 2.844794 24.990584
7.087946 3.145709 24.061517
11.609124 16.561876 27.625013
13.082641 16.915917 27.016662
12.524156 16.899274 27.845978
29.068162 12.241187 8.478300
29.065365 12.125974 6.849372
28.511934 12.342747 7.653531
6.908863 18.558521 13.555873
6.440791 16.995360 13.620116
6.862930 17.743003 14.132733
15.291356 25.615150 16.820310
14.966485 24.836100 18.218247
15.341940 25.671744 17.817399
21.056909 6.997105 28.936922
19.915021 6.517907 30.001417
20.271624 7.293421 29.480495
27.618381 28.058672 17.518331
26.136235 28.702223 17.754497
27.039652 28.562299 18.159720
22.127184 29.859773 12.553399
20.537679 29.722007 12.901513
21.428173 30.011938 13.252096
3.382335 6.017192 28.344185
3.203462 4.401747 28.185974
3.274662 5.155228 28.839536
24.183536 6.580076 10.134432
23.800650 8.164269 10.236502
24.030838 7.344468 10.760798
26.647662 5.556481 24.977471
27.595320 4.964638 26.168418
27.196136 5.794655 25.778968
23.709881 8.070920 0.433255
23.095767 6.566765 0.597792
23.287650 7.304007 -0.049976
12.197984 23.230351 20.738224
11.643112 24.712537 21.140630
11.889988 23.809770 21.492783
6.380752 19.635688 20.104429
6.195121 19.037493 21.612538
5.719931 19.435041 20.827619
10.691123 3.915789 4.375047
10.441968 2.925988 3.100329
11.062100 3.599935 3.501800
26.282440 4.975799 7.372456
27.834384 5.449255 7.188073
26.982627 5.238290 6.708541
29.447915 14.692466 10.371170
29.568689 13.498890 11.479086
28.944658 13.985025 10.867363
22.182664 22.973442 7.787917
22.740884 22.956275 9.322447
22.003899 23.272631 8.725188
19.571986 -0.015613 22.068055
18.937039 1.186267 21.163060
19.648567 0.951412 21.825267
20.624721 19.128477 19.337257
20.387347 20.737969 19.478255
20.607567 19.898505 19.974996
27.270368 20.049668 13.329876
27.006083 18.468473 13.640788
27.498211 19.287468 13.935753
17.249483 23.333871 13.490528
16.353936 21.969216 13.441517
16.782343 22.643533 14.042942
12.110179 5.624667 15.764210
12.707215 4.118650 15.969516
12.381312 4.783123 15.297050
9.615487 1.244755 23.085701
10.603561 1.037974 24.369305
10.557793 1.321492 23.411458
8.212755 10.735829 6.812166
8.350011 11.944013 5.722147
8.560054 10.984160 5.907919
26.042916 14.862355 10.385255
27.228844 15.962312 10.609662
27.031821 14.994623 10.452474
20.754718 17.610170 0.313029
19.150645 17.359641 0.488746
19.848440 17.843633 -0.039252
10.915540 13.631587 13.713330
10.934732 11.999730 13.771322
10.981005 12.795908 13.168075
18.046176 24.925385 11.954406
17.573881 24.327889 10.509891
17.319928 24.436747 11.470935
12.821033 12.912365 28.379511
11.914224 14.268448 28.305845
11.964968 13.338995 28.671208
8.315851 27.543261 4.356071
9.898052 27.142224 4.406058
9.151097 27.446334 3.814854
14.724013 13.876911 5.932665
14.728637 14.652321 4.495512
14.491424 13.800827 4.963098
3.155721 3.041588 9.827162
4.366152 3.712143 8.960040
3.941497 3.658970 9.863803
18.331689 25.905100 26.088136
18.060253 27.514488 26.141804
17.822830 26.661461 25.677128
20.592633 3.577035 12.822994
20.861620 4.487438 11.494272
20.775928 4.502114 12.490460
29.531514 24.444782 13.932621
29.413211 24.881087 15.501802
30.048123 24.679107 14.756122
25.456218 20.651007 11.733001
24.073113 19.785670 11.803011
24.593596 20.451336 11.268284
3.145064 18.465287 20.868975
2.510513 17.160509 21.618366
2.916507 17.496961 20.768710
20.155078 23.456717 18.488000
20.344378 22.594896 17.113911
20.434158 22.574165 18.109631
12.983222 25.453295 22.713613
13.325243 23.923221 23.170325
13.314397 24.879465 23.462605
20.214972 27.308550 25.811478
21.525604 26.730178 25.027631
21.165613 27.016333 25.915588
4.173416 2.009955 14.911777
3.161567 2.118317 13.634628
3.648570 1.488142 14.239322
19.169340 10.055981 19.657134
17.848137 9.148785 19.343911
18.631129 9.267401 19.954486
23.074018 14.829315 21.211900
22.652150 14.326007 19.716775
22.548481 14.152735 20.696151
15.875222 10.000280 3.698195
17.376280 10.126366 3.067629
16.686016 9.489900 3.411713
19.186903 13.135504 22.510191
19.250479 14.704462 22.061840
19.794424 13.888497 22.257472
13.334150 19.408221 26.287961
14.027801 19.658033 24.830864
14.054377 19.105410 25.663841
26.822650 22.652366 7.075843
28.364573 22.640613 6.538233
27.536514 22.092397 6.655390
16.264472 21.546004 17.011104
17.332442 21.261520 15.808941
16.466412 21.702578 16.044330
1.990623 11.109004 1.870986
2.893082 10.987349 0.515458
1.978078 11.173743 0.873189
19.282822 27.813918 16.743265
20.671220 27.067897 17.170458
20.273889 27.918382 16.825855
7.625684 17.827966 10.526395
8.457460 16.423360 10.570222
8.084298 17.168877 11.122401
7.251048 12.338682 28.277103
8.753429 12.174999 28.895768
7.783798 12.270922 29.120627
25.050910 17.636759 18.108415
26.302795 18.497075 17.508974
26.020184 17.606167 17.864447
11.516305 20.986578 8.204001
12.032603 21.144551 6.662842
11.350309 20.716647 7.255565
3.747260 17.989246 11.025297
3.405215 17.315502 9.577621
4.079548 17.843876 10.093417
24.544571 4.154456 23.788649
24.734527 2.565427 24.113598
24.315725 3.418235 24.425481
21.263895 8.366805 7.799886
20.374195 7.176927 8.477610
20.789641 8.073659 8.630003
6.044403 8.522088 15.273192
4.495223 9.007124 15.450586
5.089676 8.289459 15.087916
20.482684 28.665602 7.953822
19.272306 27.951848 8.785826
19.566468 28.270948 7.884942
9.250086 23.049201 27.472969
9.487856 21.485180 27.877929
9.128340 22.101672 27.177477
28.774218 27.810817 7.194463
29.526926 29.200980 6.785119
29.310522 28.581120 7.539367
17.079146 20.168081 11.588501
18.385752 19.515683 10.857852
18.019436 20.337825 11.293562
0.302016 2.130972 15.295093
1.730117 1.575094 15.859199
1.073265 1.522899 15.107024
11.159806 19.356888 18.766638
9.773699 19.837978 18.049736
10.770455 19.916821 18.035318
1.507418 1.105238 8.639283
1.188458 2.683370 8.366418
0.987664 1.747726 8.076244
12.441526 25.800328 26.249600
11.501185 27.135409 26.252543
11.914443 26.426520 26.824069
12.847013 5.855595 21.817648
14.141636 6.243427 20.901008
13.538506 5.499657 21.189083
1.900274 1.166275 23.857054
2.704199 -0.024390 23.080710
1.860082 0.511276 23.102529
16.371009 25.385829 13.400216
15.269186 24.256773 13.822005
15.893596 24.957360 14.167313
18.729225 7.026201 4.500426
19.439066 8.228324 3.653245
18.589510 7.719995 3.793971
1.274853 30.000498 6.930914
-0.000638 28.981988 6.980422
0.644183 29.510426 7.532606
8.103131 8.893067 18.553651
6.624446 9.471069 18.935871
7.285102 9.343568 18.196125
12.175203 10.070505 3.314063
13.702185 10.421950 3.773957
12.753626 10.738356 3.782411
22.395017 24.368051 17.816207
22.231207 25.943569 18.213196
22.448976 25.306146 17.474132
25.374674 12.517127 13.190456
25.480394 10.918639 13.507235
25.329671 11.601063 12.792023
8.173837 24.682919 3.655349
9.746586 24.570725 3.230422
8.819223 24.732551 2.893141
6.067815 13.621684 4.734015
6.147104 13.404912 6.350620
6.682633 13.557500 5.520034
0.008284 18.281673 15.058439
0.535109 17.120163 16.078261
0.177395 17.301585 15.162251
1.708780 24.244282 27.001467
2.834120 23.671706 25.965873
1.861229 23.670198 26.197020
4.071349 1.655220 23.413971
4.522137 0.338811 24.268691
4.612909 1.331525 24.189782
26.675364 17.739076 8.948030
27.487724 18.802676 9.883721
27.559375 17.950988 9.364643
14.453312 8.833729 5.176516
12.905784 8.318789 5.094773
13.690686 8.453267 5.699581
21.275532 3.326121 14.901759
22.498886 4.389392 15.100622
21.952468 3.680635 15.546758
27.918032 9.697207 20.827391
28.046418 8.125874 21.252972
27.785067 8.754746 20.520740
12.730494 9.316555 20.089070
13.732377 8.864354 21.296727
13.580824 9.532930 20.568726
10.251925 24.135338 15.094168
9.645880 25.651711 15.090545
9.589999 24.751108 15.521520
19.583784 8.174472 0.006281
18.237278 8.541334 0.854234
18.964176 7.866304 0.728130
0.040303 5.080752 11.943742
-0.000009 4.852993 13.560278
0.550830 5.189716 12.796641
26.141063 5.510814 20.753773
25.160757 4.236191 21.038420
25.249850 5.104968 20.551351
25.156059 15.524135 14.718449
26.692821 14.980189 14.622666
26.033118 15.633139 14.250651
24.249160 6.409058 3.782099
24.599935 6.515423 2.190769
24.349932 5.892387 2.931898
20.616208 12.114112 26.420003
19.783189 11.604387 27.728800
20.656933 11.970597 27.408787
12.450525 14.636753 19.926074
13.280249 13.265593 19.612761
13.113984 13.982767 20.289491
3.658056 26.320365 9.456831
2.607919 25.440966 8.567698
2.692272 26.108467 9.307478
5.035698 3.793402 29.442774
5.660958 2.883337 28.239645
5.273015 2.863734 29.161091
19.370320 10.975908 24.944130
20.278652 12.078669 24.153219
19.524456 11.427936 24.065574
28.361855 20.444752 22.501783
27.668438 19.043562 22.030054
27.803206 20.006738 21.797509
26.139946 30.004385 3.618345
26.443959 30.000093 5.222791
26.234750 29.427855 4.429871
11.796060 12.701590 3.488492
12.366328 14.055742 2.775923
12.254588 13.576129 3.646229
6.255581 29.371542 11.486295
6.280042 28.778985 9.964793
6.075337 29.581374 10.525343
2.609577 15.872533 1.714651
3.618718 14.689531 1.215823
2.846831 15.268696 0.953705
10.290667 4.712794 20.356625
10.570081 6.321458 20.385226
10.426920 5.527988 19.793738
16.224562 10.281724 16.644927
17.250435 11.552264 16.645627
16.737406 10.916751 17.222577
14.483672 19.077433 2.558805
14.785276 20.277235 3.624731
14.070285 19.797133 3.116560
6.735954 13.139793 12.650764
6.556420 13.813002 11.173860
6.098561 13.608120 12.038924
17.011056 1.821211 23.945519
17.404719 0.620494 24.979926
17.323314 0.873860 24.016014
7.731938 17.379745 4.575116
8.510339 17.852674 3.219712
8.568463 17.793740 4.216254
0.005354 16.507408 4.820670
0.872269 15.125520 4.895045
0.404165 15.763843 4.284006
9.010012 5.169660 29.572852
9.904785 6.188011 28.662339
9.901412 5.613349 29.480692
9.753119 3.136530 29.882326
11.252432 3.557319 29.390712
10.730850 2.969239 30.008823
1.831964 -0.002983 2.940545
3.449182 -0.005590 3.167017
2.560758 0.035033 3.624183
29.506153 4.440317 24.159451
28.953168 5.976346 24.120553
29.152063 5.165949 23.569513
21.258715 1.875211 10.902068
22.666409 2.699549 10.976583
22.073527 2.147515 10.390326
22.183847 25.808759 13.227943
22.175178 26.441909 14.733178
21.814379 26.536760 13.805399
25.392001 19.198688 22.459016
25.592950 20.791704 22.161343
25.321853 19.914765 21.764566
7.643527 5.388766 10.369402
6.951414 3.918268 10.528467
7.529790 4.601057 10.974816
11.291690 21.475425 19.568341
12.913578 21.285288 19.572331
12.104517 21.384297 18.993053
25.254530 28.330892 28.223437
23.920048 29.121575 28.733992
24.919271 29.100637 28.766613
1.004906 12.620457 14.225728
0.013540 11.615320 13.405007
0.349034 11.870541 14.311789
20.124915 18.136101 25.599039
18.836063 17.134394 25.552844
19.374931 17.745387 26.132720
13.309334 2.701971 28.075732
13.583903 3.054716 29.646360
13.342875 3.436051 28.753928
29.177971 10.709044 5.170261
30.000013 9.330030 5.469017
29.999682 10.184001 4.948747
6.480454 4.672927 6.140635
6.782070 3.571907 4.972958
6.790831 4.546061 5.198553
11.878177 10.076922 22.893202
13.036425 10.709474 23.854986
12.840106 10.345239 22.944635
4.555654 28.737923 27.109758
5.822029 28.120128 26.284342
5.071060 27.904954 26.908595
9.041737 29.739075 29.274709
7.466762 29.331290 29.415617
8.129306 29.858133 28.883246
21.102027 14.426067 9.772150
22.325572 13.703338 10.576694
21.383009 13.599261 10.259376
2.080980 25.203969 0.181643
2.876457 23.798353 0.422787
2.454287 24.585229 0.872838
25.542904 29.643948 15.382646
27.063150 29.600803 15.977357
26.456116 30.046432 15.319426
22.451152 13.996835 12.753368
24.051103 14.293779 12.890006
23.199384 14.591163 12.458630
1.176608 20.198407 23.156552
-0.031896 19.416689 23.927995
0.396155 20.306891 23.772240
18.689464 4.180411 18.543038
17.656878 3.259464 19.410397
17.805231 3.713555 18.531910
23.179668 2.041576 1.896689
24.596696 2.654312 2.428924
23.744378 2.209897 2.704599
3.657960 12.775030 2.892544
2.208636 13.368615 3.354935
2.753923 13.061219 2.575116
12.389452 21.234186 27.838726
13.360631 21.333104 29.147816
13.155253 20.809131 28.321245
4.320738 24.771671 23.342299
4.165879 26.287542 22.755066
3.744289 25.381842 22.798841
11.087198 7.665547 12.924963
12.509607 7.937471 12.170313
12.052074 7.891782 13.058301
26.640134 20.158716 5.199712
27.134662 21.145505 3.996226
26.577384 20.345765 4.219394
1.097573 11.859298 23.191623
2.308746 12.811870 22.650921
1.681332 12.072047 22.408098
25.257192 22.431532 27.271479
26.129882 21.389021 28.176063
25.745115 21.558679 27.268805
13.760446 11.388642 26.873274
13.785136 9.778911 27.146855
14.000470 10.676057 27.532484
26.562182 28.390234 13.881398
25.860660 26.940424 14.150855
25.693199 27.919184 14.032817
28.927899 25.508882 25.766747
27.950626 24.407456 26.472784
28.197350 24.844768 25.608010
4.928794 12.377244 7.928687
6.254743 11.524118 7.503568
5.574562 11.672117 8.221481
24.883131 25.535268 12.789229
24.582854 26.474986 11.487902
24.165549 25.939815 12.222338
13.058853 10.372916 9.397545
11.883335 11.443884 9.026233
12.071478 10.502811 9.307176
8.112687 12.428312 0.490993
6.493967 12.283101 0.650208
7.244055 12.387788 -0.002752
8.810963 14.443226 25.731437
9.926510 15.121406 24.750461
9.279164 14.365936 24.851232
26.151823 11.338376 28.355031
25.326042 11.288861 26.947080
26.039166 11.767764 27.458994
7.839135 25.185645 16.977590
7.572728 23.606673 16.657335
7.215629 24.534012 16.545662
7.536186 7.388754 7.001704
7.510850 8.762280 6.118825
6.954921 8.121882 6.648712
27.734293 13.622583 1.161133
27.697160 14.541257 2.510706
27.931340 14.527353 1.538639
2.422892 4.506535 8.301718
2.212858 6.022581 8.871087
2.591363 5.476076 8.124083
7.139753 22.093049 28.487489
6.415043 21.432061 27.181894
6.884520 21.234702 28.042468
15.277432 15.023220 12.989818
16.389403 14.155617 12.166731
16.186318 14.608666 13.034746
15.510978 17.022733 14.523652
17.096483 17.390778 14.655584
16.185593 17.758854 14.469178
7.585520 24.364206 24.745021
8.526848 23.029910 24.729399
8.059992 23.706503 24.160000
19.529145 3.226630 20.590724
19.730179 4.844384 20.495079
19.626985 4.069910 21.119169
19.320536 26.593637 14.254638
20.181330 27.972832 14.101202
19.925281 27.235413 14.726182
0.094208 10.276292 8.768295
0.650394 11.790125 8.512061
0.363126 10.940155 8.070501
19.249824 23.795937 20.639611
18.846041 25.303866 21.118982
18.937997 24.351678 21.410236
16.913420 27.087152 16.681647
17.321088 28.483115 17.424468
17.006280 27.544598 17.565993
27.526507 12.210570 21.489514
25.901111 12.153264 21.636115
26.662222 12.174293 20.987874
11.022724 8.439671 2.397571
11.102583 7.947497 0.842555
11.072557 7.643421 1.794702
3.280545 14.759846 22.384324
4.867059 14.372992 22.381835
4.202315 15.094707 22.188986
24.235564 17.419878 25.323184
22.840578 17.960392 25.977820
23.591529 18.184112 25.356556
6.620694 13.036818 24.108702
5.000193 13.174345 24.256183
5.875668 13.292633 24.724691
2.280104 17.298711 25.245120
2.161465 17.827008 23.704498
2.052739 17.036580 24.307282
5.622752 0.713552 18.503464
5.511333 1.035908 16.906479
4.992456 0.827982 17.735623
15.359222 27.200396 14.400656
14.084616 26.179724 14.383424
14.740050 26.657693 14.968147
27.631605 2.282213 18.800085
27.488581 1.121584 17.660274
27.002093 1.834756 18.164914
13.556719 5.762865 8.428339
14.103542 6.741541 7.240961
13.334348 6.547577 7.849784
20.754096 21.947514 10.028600
22.013512 20.908085 10.040823
21.375758 21.424838 10.611948
0.392488 5.098416 7.700012
0.000227 5.952719 6.364726
0.024567 5.039781 6.772034
11.445335 29.651675 7.214451
11.163301 28.225450 6.470792
11.172071 28.699533 7.351198
16.670424 6.017832 19.884063
15.355867 5.203186 19.359675
16.355579 5.213613 19.380026
8.810660 17.428116 15.324736
9.448894 18.770080 16.001847
9.577524 18.069411 15.300088
18.747947 0.617221 14.836525
19.491313 2.064773 14.699815
19.145348 1.273695 14.195384
25.780526 5.099461 15.975969
25.005708 6.095566 14.939571
25.676286 5.357663 15.015546
27.306945 1.746916 26.503562
27.166409 0.461275 27.500590
27.697330 0.860814 26.753303
5.617253 12.535317 26.811147
4.009757 12.752902 26.623256
4.752326 12.686478 27.289685
22.269671 12.391472 22.008041
21.760479 11.075267 22.829635
22.538330 11.679402 22.656675
14.004603 11.967268 21.883531
14.659609 13.460765 21.799140
14.213468 12.797621 22.400093
7.154711 1.601019 11.417691
5.531875 1.763830 11.498847
6.371010 1.671317 12.034796
26.990871 6.744775 19.138743
27.131043 8.094977 18.231002
27.503216 7.182326 18.399826
7.482502 11.270125 21.223645
6.497732 12.285465 22.039734
6.782543 11.332642 21.935050
28.490784 27.749266 3.013320
27.023409 28.295685 2.549718
27.615811 28.111873 3.334079
9.608024 18.459889 12.378123
10.426842 19.150821 13.610535
10.068086 19.291965 12.687865
3.014491 11.507593 10.177817
1.654245 11.439899 11.078838
2.079090 11.156497 10.219107
6.417918 15.737680 15.792225
6.788412 14.192024 15.417566
6.720525 14.858421 16.160030
14.099253 29.202792 14.534695
15.515286 29.307057 13.728055
14.863324 29.803966 14.300747
5.684951 14.429785 9.116708
7.282200 14.123420 8.969654
6.367401 13.720706 8.939461
15.644572 24.560523 1.094744
16.695982 25.788164 1.327392
16.066953 25.155259 1.778726
8.687404 27.054816 21.605853
7.057182 27.145783 21.577756
7.859969 27.057207 22.167362
26.909218 26.436702 12.296478
28.240432 27.379410 12.219916
27.248762 27.355128 12.093623
26.753520 6.166395 11.989147
25.183444 6.223938 12.434387
25.813299 6.245653 11.658012
18.590053 17.744485 19.880006
17.642950 18.364503 18.703034
18.436752 18.534799 19.286837
14.881377 1.269393 9.810636
15.465475 2.030503 8.489187
14.976384 1.221971 8.816316
14.260519 10.516204 18.684717
14.626608 11.945936 17.985766
14.395265 10.988440 17.813635
12.018618 25.707508 8.367614
12.813416 24.352934 8.814954
12.593648 25.293629 9.073299
16.080548 8.036406 21.536350
15.644281 8.844063 20.185776
16.326905 8.779001 20.913608
18.441262 0.993732 9.012954
19.285797 2.341554 8.643053
19.065119 1.689668 9.368514
10.543919 2.521035 6.173663
9.142569 3.341111 5.999355
9.560230 2.504013 6.352587
6.244547 4.271990 13.856832
6.491355 2.662567 13.981468
6.374769 3.423747 13.343534
28.689230 15.159679 18.576022
27.975617 13.834146 19.208800
28.101798 14.375200 18.377364
28.516426 22.077471 0.650784
30.001673 21.887282 -0.000798
29.099990 21.469921 0.112004
11.375473 23.307411 10.948633
12.819665 22.989828 11.641554
12.288607 23.669550 11.135685
5.182188 15.458958 6.166026
6.352639 16.480267 6.669673
5.758607 15.722462 6.939495
18.987065 25.391130 18.791726
17.574308 26.036704 19.295752
18.502541 26.243840 18.986843
4.950577 23.632481 27.161267
6.271683 23.408880 26.227795
5.623212 24.085617 26.576307
3.916009 4.492394 12.088836
5.035185 5.637632 12.409090
4.556754 5.144002 11.682881
12.750593 19.129283 21.842715
12.679580 18.615244 20.294357
12.346980 18.455521 21.223773
27.363988 29.128837 24.659974
27.424063 28.325565 26.080479
27.796877 29.094210 25.560727
22.538240 3.340780 17.653654
23.699583 4.450563 17.359794
23.258243 3.898210 18.066952
5.893889 23.269695 23.180415
5.261202 22.209859 24.249594
6.020711 22.835695 24.072327
5.330016 17.966616 4.061751
6.169603 16.962594 3.085164
5.360258 17.545694 3.155187
20.435565 6.867104 16.012556
20.363059 8.359704 15.354090
20.275468 7.835943 16.201410
8.922273 5.148445 17.391138
9.693472 3.843374 17.998368
9.100239 4.617391 18.219544
16.975510 18.774539 24.130443
15.950465 19.936307 23.614432
16.195477 19.346583 24.383940
12.144698 11.109629 6.418787
11.374745 9.702533 6.112287
12.238655 10.197552 6.019745
22.305251 7.062223 14.027290
22.796242 8.228677 15.059280
22.432841 8.046945 14.145573
13.853957 8.103224 15.901776
14.206881 6.529224 16.156059
13.679508 7.167492 15.595309
16.376160 21.575091 10.042272
15.548814 22.934293 9.675181
15.844115 22.333742 10.418203
10.449876 12.730538 5.322645
11.600676 13.766119 5.842183
10.761268 13.680637 5.305495
8.276349 9.289080 8.835200
9.429907 8.133464 8.858527
8.857000 8.703485 8.269629
10.293537 11.461747 23.976459
9.136207 11.628135 22.836462
9.322600 11.334372 23.773963
19.402151 5.443602 14.699939
19.458553 4.192033 15.747356
18.961455 5.021272 15.492007
18.205087 22.945958 17.490392
16.918326 23.925092 17.261846
17.396244 23.345452 17.921815
24.230644 1.481064 21.875603
25.836290 1.770268 21.945956
24.929649 2.192067 21.951846
9.378083 5.372771 24.345511
9.381487 3.749420 24.168285
8.948528 4.518550 24.638320
25.892486 0.826769 7.129785
27.304665 0.006746 7.131428
26.581483 0.386168 6.554371
10.146156 8.835034 14.601001
11.012057 9.771127 13.580886
10.369319 9.776092 14.346921
22.295178 21.978862 15.991973
23.472086 22.534023 16.978570
23.080682 21.718076 16.553151
13.176438 6.553056 28.603841
11.965188 5.484476 28.363640
12.958005 5.601075 28.389444
18.873024 12.768535 15.765612
20.430374 13.139228 15.443221
19.689880 13.232131 16.108792
20.271448 5.507168 17.767971
21.712431 5.336141 17.018968
20.916168 4.849549 17.378329
15.455427 15.828450 10.932511
15.715295 17.432739 10.773099
15.561495 16.691456 11.426392
24.656263 -0.044505 17.691065
25.135931 1.396731 17.091527
24.466097 0.937082 17.674617
20.070634 18.980708 4.999537
19.352972 20.447326 5.025646
19.709336 19.702535 5.589772
4.660841 15.114906 29.174232
3.949954 16.581655 29.074362
4.138960 15.805138 29.675398
19.733163 15.611709 20.044774
20.728567 16.845225 19.651966
20.090437 16.164633 19.292060
21.067842 26.893294 29.451890
21.558257 25.335685 29.445963
21.314409 26.112721 30.026223
28.117456 7.933565 16.075285
26.638577 7.254480 16.211117
27.430224 7.374077 15.612001
16.242468 18.017855 26.516870
17.140794 19.083604 27.367681
16.629764 18.939776 26.520268
7.677996 28.377358 19.874341
7.553121 30.003856 19.949171
7.812694 29.230637 19.370636
25.180714 25.306742 26.892752
24.106312 24.646324 27.930152
24.905885 25.241746 27.852019
26.151730 21.193151 9.339157
26.586168 22.737099 9.646041
26.349843 21.857817 10.059516
22.657583 20.691192 20.070301
23.288116 22.174847 20.330847
22.780913 21.419009 20.744853
27.816390 10.899271 13.614973
27.830034 9.348800 14.127362
27.630058 10.293209 14.388224
0.422945 4.958194 4.065408
0.001037 3.673608 4.981116
0.737540 4.089316 4.447545
16.314700 21.933358 21.078002
17.254065 22.862753 20.118572
17.049180 22.611817 21.064617
5.916530 24.482661 19.377693
5.458549 23.951471 20.852406
5.950079 23.712760 20.014932
10.399817 20.178357 24.868414
11.995337 20.507957 24.757199
11.160605 20.327805 24.236896
19.824225 14.934077 24.213671
19.816306 16.355714 23.410194
20.107314 15.892554 24.247299
19.016818 16.667205 4.969696
17.403610 16.413766 4.965619
18.208930 16.539370 5.544955
9.338744 9.376341 28.876762
10.352323 10.627145 29.150323
10.185689 9.820060 28.583936
28.288633 0.007986 19.345568
27.007303 0.012444 20.357923
27.828039 0.510118 20.077459
3.479686 0.573183 7.704733
3.713291 2.099306 7.172695
3.675055 1.513758 7.982397
27.669931 10.426407 10.841263
26.136279 10.986736 10.816141
26.895133 10.710631 11.405933
11.047098 12.046314 21.803190
12.163746 11.296337 20.877274
11.185095 11.452875 21.010262
8.146101 14.891042 18.072242
8.155379 13.407091 17.390704
8.188256 13.908827 18.255069
16.200669 4.318227 9.782377
16.345996 2.821519 10.419115
16.328925 3.799382 10.627538
4.914997 18.439626 18.843440
4.823496 17.054981 19.704299
5.428476 17.794479 19.409189
18.639942 17.731814 22.100539
19.809833 18.857972 21.927876
19.594458 17.885004 21.844845
19.402600 17.892691 6.795070
17.920658 18.519518 6.516453
18.535361 18.157019 7.216941
29.957995 4.198751 9.777403
29.968738 5.830685 9.719405
29.965510 5.035208 10.325336
1.964618 25.509846 24.595988
1.670001 24.748906 23.181470
1.829479 24.620031 24.160196
17.084630 4.671876 25.861114
18.216510 3.568578 26.271321
17.234558 3.749971 26.218269
21.200582 3.816887 7.451389
20.992574 3.671009 9.064504
21.604680 3.472977 8.298961
27.913908 16.281521 21.549601
29.339418 15.548279 21.238206
28.592179 16.082066 20.842413
2.819730 11.856399 7.526284
2.895981 10.279516 7.108777
2.561706 10.927789 7.792844
23.775720 12.069622 10.841897
24.470943 13.349473 10.103429
24.329234 12.890794 10.980629
23.160663 27.176580 0.010263
23.734253 28.243765 1.105160
22.977417 28.037367 0.485042
10.474194 4.632019 14.197062
10.246354 4.406951 15.798349
9.799446 4.419757 14.903890
28.659370 3.383062 7.868800
28.604615 2.490848 9.235418
28.343162 3.360723 8.817199
0.630993 14.875406 8.289267
0.580995 15.047527 9.912401
1.135680 14.735445 9.141118
1.452882 9.106089 23.895952
2.579443 9.348920 25.052923
2.399030 9.379072 24.069820
24.796945 18.139392 2.919964
23.554292 19.105243 3.355433
24.538483 18.951497 3.443061
8.666773 26.958274 11.921562
8.559460 28.461335 12.550832
8.045457 27.637403 12.312328
1.480284 19.309694 17.704656
2.179107 18.258565 18.740736
1.872949 19.202579 18.618050
7.676936 17.586948 20.274514
8.865708 18.683094 20.046535
8.289323 18.233740 20.729036
2.301333 4.086774 19.957670
2.437139 3.453038 18.458795
2.925513 3.923588 19.193656
8.063678 7.769276 16.616968
6.756008 6.803488 16.771702
7.614987 7.089089 17.196597
9.846153 24.999428 24.699636
10.916973 23.895385 25.248381
10.603487 24.398865 24.443284
28.980915 0.022413 28.713550
29.998477 1.299032 28.752296
29.356474 0.783547 28.184798
19.755498 13.774671 2.758423
19.916500 15.071256 3.738033
19.268447 14.413916 3.353483
20.788985 22.380205 27.961546
19.663247 22.299713 26.781324
20.623282 22.494618 26.982057
5.684618 1.962366 8.750313
5.774589 0.597164 9.641838
6.216323 1.471361 9.440350
13.871819 18.853156 29.078421
14.737426 17.717382 28.286316
14.100722 18.480948 28.178970
5.891976 16.599964 27.501557
7.085355 15.507110 27.281997
6.802769 16.314558 27.799799
4.336986 10.214602 11.679766
4.238936 9.283868 13.017978
4.801779 9.517018 12.225010
20.563424 27.393730 19.456784
19.204085 27.972098 20.152757
20.162693 27.733321 20.307690
13.797915 19.461028 0.171491
13.060149 18.015680 -0.011153
13.496521 18.632694 0.643691
13.769115 28.537597 20.159802
14.682428 27.873136 21.339226
13.748259 28.080623 21.049008
6.564297 25.307418 22.667572
6.152725 26.655078 23.492866
6.296195 25.667798 23.560990
26.631771 6.576513 1.376494
25.699112 5.643265 0.414265
26.366487 5.637239 1.158927
24.737111 8.848945 28.604067
23.908860 7.441890 28.633809
24.215260 8.196890 28.054118
28.765086 8.459412 9.392725
28.054249 9.319989 8.200750
28.909199 9.160317 8.694219
11.845084 -0.000331 12.812041
12.921968 1.174327 13.168675
12.167156 0.623236 13.524349
7.153617 17.110142 17.733892
7.688088 18.618094 18.061167
7.450639 17.976296 17.332017
30.001129 17.685914 5.588091
28.920833 18.871133 5.280025
29.463086 18.425547 5.992319
13.543332 3.124898 8.659627
11.996013 2.694531 8.364202
12.595881 3.444303 8.643393
3.095673 10.815949 27.484090
1.576731 10.299186 27.180021
2.256990 10.458962 27.895330
15.119823 11.386571 14.899409
15.406706 10.720993 13.436059
15.461193 11.561004 13.975837
7.392617 6.349258 24.378964
6.582461 5.633312 23.155135
7.056456 5.477837 24.021797
10.632875 17.041764 20.801829
9.605000 15.817596 20.467801
9.803431 16.568210 21.098000
9.850196 24.907489 22.396020
8.886315 23.621857 22.104860
9.832849 23.923418 22.219241
0.861068 16.988569 8.850712
0.005757 18.303164 8.395770
0.008960 17.303891 8.433062
11.710170 8.549754 16.123456
10.464576 9.161148 16.984491
11.445432 8.966731 16.992933
23.811421 12.624134 16.976739
22.794145 11.370282 17.221061
22.941944 12.345647 17.384663
10.800362 5.803883 0.004401
10.741591 4.171953 -0.001909
10.773008 4.985612 0.578538
1.982430 27.126880 13.906367
0.783816 26.040890 14.131394
1.428241 26.652493 14.590311
2.591051 13.925037 6.510196
1.152869 13.295315 6.061007
1.697404 13.616338 6.835845
0.079715 26.219597 19.339429
0.064206 26.006878 17.720417
0.371068 25.623312 18.591428
0.013753 0.380736 26.582395
1.594805 0.000320 26.433249
0.762468 0.241609 25.934309
11.450383 19.654250 1.276015
11.575889 18.083536 1.704727
11.082399 18.937691 1.868535
9.462280 7.757468 24.084611
10.092754 9.250608 23.885298
9.277361 8.685300 23.760760
18.457119 22.267011 9.866633
17.635734 22.561475 8.486305
18.513905 22.273646 8.868295
3.350889 5.330638 23.152916
4.719723 4.505114 22.819010
4.326725 5.415030 22.951494
9.897551 0.685807 17.512818
11.383194 0.369976 16.912982
10.408302 0.163461 16.830004
3.202816 20.947044 19.005258
4.556676 21.849599 18.866892
3.867700 21.328556 18.363132
18.955622 19.396759 3.137785
19.909378 18.650503 2.042276
19.394677 18.532747 2.891489
1.484172 21.197366 16.454208
2.812062 22.147413 16.425777
2.161630 21.670774 17.017132
22.538249 14.479183 15.308714
23.775762 13.486397 14.921899
23.490481 14.246232 15.506033
23.412891 5.302143 13.341951
23.681960 4.418474 11.995318
23.893748 4.508926 12.968412
14.734264 12.092353 10.360244
14.914669 13.698005 10.596936
15.371104 12.809485 10.643270
23.297302 29.305318 26.345728
21.793292 29.934279 26.440877
22.362134 29.241708 25.997356
9.856348 15.361963 9.162487
10.106719 16.975594 9.148345
10.003708 16.160283 8.578605
0.122528 9.289170 18.440686
1.503504 8.554269 18.909208
1.106729 9.407903 18.571829
19.248341 9.701654 26.734191
20.845287 9.410366 26.556421
19.990788 9.065870 26.945139
1.120270 16.378772 0.048463
2.270788 17.536611 -0.000599
1.429307 17.240333 0.451150
3.359095 18.819764 3.017726
3.495663 19.072028 1.410118
2.897283 19.174345 2.204737
27.072646 11.840316 5.451850
26.695124 12.303567 3.932125
27.205756 11.641699 4.480881
23.894759 19.903537 7.256258
23.220084 21.084343 6.352266
23.508023 20.825524 7.274248
4.554832 10.319380 24.776191
3.519194 11.580913 24.827932
4.052651 10.939319 25.379048
17.816952 8.526338 6.054048
18.374931 10.012479 6.437106
18.638298 9.074578 6.211436
29.639587 7.428886 14.372157
28.965671 5.945806 14.258151
29.378666 6.609215 14.882066
18.542891 1.227403 11.467517
17.041097 1.306574 12.103942
17.994724 1.069100 12.288736
28.851177 1.126726 10.818734
27.503672 2.020628 11.046462
28.244292 1.528843 11.504257
28.947029 15.981109 4.685312
28.498064 16.022252 6.254842
28.202840 15.795136 5.326829
21.125391 27.269997 2.194953
20.740889 28.854196 2.290660
20.949265 28.031197 2.819053
2.345661 0.793099 5.661902
1.256819 1.987066 5.426198
1.883410 1.571957 6.085755
3.353232 13.723456 9.903121
2.740825 13.364210 11.373695
3.581441 13.522296 10.855698
2.521069 7.188241 23.972431
4.004866 7.722364 24.396396
3.178316 7.263510 24.722303
20.160268 24.989764 16.666070
18.691164 25.702152 16.635649
19.284448 25.034763 16.185589
5.913567 11.451970 5.292188
6.026567 9.926445 4.720618
6.369513 10.861064 4.626687
28.343936 12.103364 29.958404
27.280688 13.342140 29.998711
27.803263 12.733763 29.401434
2.035968 8.684777 13.093592
2.807545 8.001370 14.360207
2.422242 7.835134 13.452542
25.632583 10.768292 1.496855
26.898540 9.976294 2.157750
26.324821 10.063174 1.343351
9.743587 30.002132 21.859668
8.330495 29.183755 21.870582
9.054311 29.570812 22.441742
6.191613 0.494416 27.821150
7.737904 0.000551 27.999397
7.132978 0.630635 27.512564
0.671918 9.693053 15.026886
0.558952 8.075422 14.834024
0.166802 8.957983 14.574694
21.687342 19.595845 8.305463
20.277845 19.385372 9.102777
20.847682 19.054655 8.350540
27.021460 7.785899 6.666075
27.762113 9.098039 6.036463
26.887736 8.723332 6.344696
12.272835 8.494148 7.873829
11.184157 7.359861 7.432397
11.537783 7.898289 8.197244
25.035448 15.158309 5.226432
26.465581 14.562710 4.710030
25.894353 14.733761 5.512768
4.758904 8.862112 22.510614
5.907626 7.752771 22.851916
5.395415 8.198432 22.117768
17.563177 14.856270 26.031310
17.608616 15.409457 27.567086
17.199903 15.540260 26.663874
11.913877 20.365486 4.527359
12.291301 21.949087 4.399105
12.452809 21.037928 4.020090
16.467349 22.257924 4.629016
15.308166 23.335689 4.227262
15.574051 22.628860 4.882735
23.130372 28.468580 11.204355
21.725920 27.662339 11.414540
22.487527 27.825958 10.787539
22.099638 7.093099 19.271419
23.685366 6.763430 19.479923
22.973808 6.958374 18.804919
24.072130 23.063902 11.726547
25.590694 23.577914 11.415992
24.902535 23.448261 12.129837
10.120494 9.934080 0.427360
11.271594 11.091934 0.459473
11.011215 10.189697 0.803157
13.310919 7.275337 23.437633
14.034657 8.535038 24.183316
13.357903 8.272526 23.495538
7.664503 24.511874 11.151372
7.319320 25.964350 10.489671
7.191151 25.381421 11.291988
25.398699 29.061494 25.641031
25.798291 30.008866 26.909693
25.754220 29.955965 25.912093
29.365100 3.218323 5.685162
27.743200 3.401127 5.737239
28.550701 3.439383 5.148659
14.281153 22.987622 19.827462
15.435881 22.715802 18.705228
14.895056 22.301490 19.437213
19.769806 25.209458 24.276765
19.025498 23.799933 24.631636
19.324222 24.401659 23.890936
6.102141 22.961223 11.138739
6.469362 23.357253 9.597636
6.039689 22.670571 10.183977
0.000694 29.625600 4.534212
1.030739 28.567556 3.836904
0.075668 28.857374 3.898479
8.237832 4.207243 0.026827
6.757437 4.893747 -0.035061
7.721364 5.049601 0.180583
14.304793 14.262054 15.844368
15.841190 13.757475 16.071462
15.220245 14.538580 16.136648
18.187820 3.277315 12.930015
18.478131 4.862534 12.666406
17.868900 4.207250 13.112934
23.599434 -0.000130 26.248166
25.166328 0.000464 26.708094
24.222300 0.091443 27.025083
10.213987 16.711375 23.257128
8.706503 16.938061 23.842615
9.383756 17.263787 23.182933
7.554579 20.854160 3.612659
6.257352 20.052307 4.196545
7.218574 20.276699 4.356694
16.869334 6.297864 8.806690
17.918962 7.544755 8.705529
17.117391 7.189172 9.186145
23.766223 10.535676 19.319452
24.454461 11.898122 19.899760
23.768260 11.534417 19.269845
23.462745 27.777457 20.737727
23.080250 26.190743 20.685513
23.299613 26.996293 20.135134
26.726741 8.510973 11.592604
28.147072 7.846488 12.048462
27.587799 8.121037 11.266296
18.652401 25.912799 2.799800
17.716241 27.202944 3.154508
18.351864 26.814021 2.487673
8.917936 1.905923 25.482309
10.222557 2.770149 25.948966
9.470065 2.192501 26.265236
0.002377 17.692796 22.561387
0.346910 16.096693 22.582420
0.164826 16.900231 23.149094
14.848800 24.640817 21.747448
16.184742 25.100178 20.928342
15.224025 25.311700 21.107862
20.217796 1.435428 25.162211
19.031041 2.402088 24.593117
19.723159 1.725120 24.342846
7.797037 3.185972 8.281204
6.937509 2.693253 6.983079
7.592105 2.410440 7.684128
2.424187 18.592884 27.754163
1.420045 19.029981 28.965499
1.471845 18.772430 28.000651
15.880220 8.737530 7.968732
16.187234 7.427962 7.042738
15.703861 8.302283 7.085893
19.967982 24.636078 26.824369
21.466466 24.495619 27.458014
20.946128 24.641588 26.616652
15.788787 16.830485 30.003363
16.002773 15.401929 29.241702
15.324196 16.035746 29.612860
0.000017 16.283585 2.040665
0.000008 14.686719 2.382291
0.001711 15.364380 1.646954
28.970160 3.742294 14.917004
30.013098 3.600953 13.668408
29.904944 3.920447 14.609776
29.296595 4.339370 28.878269
28.156162 3.370068 28.225156
28.587931 4.270689 28.176110
16.659793 18.573152 20.659930
15.791417 19.662924 19.808456
16.633755 19.515661 20.326846
28.779741 8.882524 2.487759
29.962403 9.992085 2.295736
29.242151 9.663863 2.906845
3.848114 4.707399 6.171259
2.825550 3.976861 5.128491
3.469972 4.732433 5.245879
3.537014 15.707318 11.568550
5.067163 16.260024 11.709439
4.417310 15.801172 11.103557
6.961954 19.497057 26.271107
8.472174 20.063645 26.525871
7.672549 20.110884 25.927276
17.403817 21.533657 22.953262
18.196009 20.107746 22.876445
17.734759 20.815404 22.341267
26.537741 8.039434 9.229904
25.384705 9.184149 9.066119
26.259070 8.961792 9.497385
19.541329 16.282400 13.731142
20.961916 16.002928 12.975817
20.532993 16.232134 13.849566
18.283075 20.821708 29.646305
17.629987 21.074386 28.171069
18.400237 20.670739 28.664760
22.608659 16.331461 9.524582
21.587444 16.495457 10.788272
22.496193 16.186671 10.507605
9.655915 9.746731 3.726057
8.173157 10.313062 3.342147
8.673758 9.628809 3.872377
16.360171 26.407225 9.159074
15.227288 26.633238 10.313275
16.207502 26.652479 10.116409
16.477594 1.417033 19.658025
14.856419 1.516558 19.827061
15.729609 1.515314 20.314384
10.056992 21.871517 23.038989
11.639082 21.968908 22.646310
10.710696 21.893085 22.282581
13.532260 6.411660 4.208897
13.785948 5.168591 5.237057
13.215183 5.505353 4.488213
28.769750 23.849391 11.228657
28.285956 25.384380 10.952178
28.499433 24.506010 10.524578
13.354564 22.835791 26.679096
14.941249 23.068053 26.370593
14.269526 22.860855 27.081792
3.033855 10.925364 3.902521
3.917815 10.384028 5.164368
2.996161 10.614241 4.852115
26.632470 24.215291 14.999618
27.436529 24.579310 13.625694
27.176380 23.841407 14.248405
9.901110 23.088277 20.053960
8.734637 22.342118 19.188352
9.614735 22.813958 19.135981
3.519915 5.639173 14.206559
3.456474 4.076969 14.677920
4.036252 4.785633 14.275925
8.153428 12.163112 25.444576
8.413990 10.754959 26.229370
7.747235 11.478132 26.049354
4.918563 7.969662 10.298591
3.847560 6.747645 10.136366
4.779291 6.985772 10.410447
25.544321 23.765474 1.379759
25.846773 22.946276 -0.000141
25.709001 23.853442 0.397370
28.116427 28.785677 28.945998
29.389158 27.768373 28.836742
28.925275 28.544540 28.409747
6.475304 6.993640 1.308323
6.850479 7.895818 -0.000114
6.178452 7.268893 0.393959
0.603692 14.830880 17.195334
0.213259 14.229924 15.727989
0.804248 14.871799 16.216534
21.233921 20.322411 0.019105
22.443437 19.248293 0.242775
21.880708 19.947709 0.683343
25.319670 3.674683 9.712526
23.876211 4.431148 9.816806
24.643392 4.215738 9.212671
15.180665 3.566042 5.771411
13.888304 2.987658 4.957799
14.823946 2.790570 5.250506
28.800395 21.889390 24.973283
28.779265 23.091219 23.867910
28.494266 22.823181 24.788170
9.855514 27.624671 29.308366
11.327189 27.735181 28.609329
10.839401 27.673870 29.480106
4.786279 15.275980 25.286986
3.180581 15.100742 25.046751
4.063584 15.235050 24.597070
24.355103 29.999855 7.053684
24.148662 28.889840 8.233488
23.752132 29.283175 7.404031
18.222837 9.664520 9.337171
18.936528 10.792276 10.278183
18.721261 10.531423 9.337139
28.523112 18.230421 20.123980
30.002969 17.745962 19.632032
29.025112 17.722182 19.424240
24.657826 2.680883 7.312446
23.543250 3.873351 7.361749
24.376529 3.552679 6.911456
8.682945 16.656739 13.087789
8.832933 15.033601 12.989729
8.223469 15.783143 13.247971
0.087005 26.075389 22.284007
0.357883 27.627398 22.713638
-0.001518 27.029299 21.997358
5.151259 6.393078 5.644158
5.332233 7.508759 4.465517
5.801202 6.815051 5.012129
4.370248 17.952892 23.200428
5.387777 16.843214 23.832835
4.712205 17.016974 23.116346
19.023704 12.549369 18.861680
20.392742 13.383305 19.173087
19.549540 13.020561 19.569791
25.822567 2.430351 5.071443
24.577613 1.459795 5.489535
24.917500 2.101426 4.801978
17.543092 5.833587 17.102024
16.158290 4.968301 17.084851
16.852977 5.408742 16.516194
23.593841 10.545695 0.316994
24.081558 12.099089 0.442641
23.582847 11.360623 0.896406
9.735683 3.340263 9.475746
9.409135 4.650435 8.557320
10.132952 4.133411 9.014182
25.731062 22.209389 14.968281
26.053197 21.975210 13.384590
26.367654 21.796620 14.316883
2.295556 20.846169 11.970523
1.997973 19.255869 11.748984
2.436213 20.066406 11.360496
19.490175 10.017362 21.957703
17.882690 10.250122 21.788866
18.641169 10.232426 22.440284
20.915099 8.611254 5.518899
22.510498 8.262846 5.520598
21.705298 8.399897 4.943694
6.448826 22.674203 1.813161
7.292311 24.027831 1.462572
6.847561 23.219865 1.076133
0.204036 13.152454 20.089812
-0.000125 11.732505 19.309587
0.261889 12.691767 19.204167
24.771777 2.470019 26.998794
25.974080 2.668612 28.085862
25.285348 2.032994 27.737171
22.367294 7.983037 2.900440
21.590902 6.547438 2.954845
21.980510 7.242613 2.350788
1.359331 0.295248 12.962619
0.109139 1.067385 12.250218
0.475246 0.735387 13.119523
3.019016 11.209776 18.914569
4.313264 10.444253 19.551425
3.951583 10.896129 18.735985
20.334400 16.010630 28.194670
19.903837 15.129679 29.500515
19.912405 15.157369 28.500961
23.511557 18.000843 12.984366
22.301113 18.495770 12.006326
22.923913 17.742499 12.217632
4.496257 7.566949 29.681289
3.997790 9.088989 30.000057
4.638022 8.533827 29.469166
15.376539 17.711731 18.115245
15.512124 16.866252 16.724751
14.988847 16.967946 17.570794
13.826808 28.849691 11.808162
13.816338 27.235355 12.054124
14.083029 28.118391 12.440221
1.043024 7.199201 25.996600
-0.000145 8.371326 25.544259
0.923264 8.185081 25.879783
29.750084 6.531436 26.107633
30.000635 6.012484 27.635574
29.525751 5.822555 26.776296
12.459348 27.516310 13.835584
10.900767 27.036821 13.922795
11.616155 27.573567 14.370089
0.788438 5.989803 15.508950
1.407041 4.603958 16.111821
1.177563 5.554548 16.320789
4.950408 15.139255 14.196590
3.372884 15.521052 14.376414
4.073778 15.231810 13.724467
24.087707 24.466969 3.324756
23.045531 25.709422 3.132736
23.971668 25.383732 2.942620
5.650798 16.053897 1.033600
5.013519 17.510152 0.659584
4.863130 16.657035 1.159106
2.202640 26.747609 21.932389
1.787049 25.441811 21.044209
1.948952 26.428279 21.019363
10.259720 13.744703 10.974549
11.541834 14.726761 10.732814
11.135950 14.050179 11.347178
13.150762 22.190713 9.103878
13.655787 21.251523 10.340632
12.854487 21.625954 9.874084
25.465262 17.063739 30.000021
24.746724 15.634073 29.673756
25.160644 16.450526 29.271237
9.971151 9.770782 10.622689
8.993263 10.208751 11.855007
9.540660 9.464801 11.471807
15.001250 28.797880 16.698755
15.807970 30.011827 17.435115
15.647152 29.549157 16.563323
10.441164 20.554754 10.211951
11.483550 19.311497 10.026385
11.020627 19.896430 10.692346
3.889179 5.778540 19.854156
3.590656 6.619709 21.221638
3.769992 5.711026 20.844703
0.029089 25.203160 1.115774
0.846104 25.599183 2.473102
0.325930 24.879057 2.013989
21.192044 16.011631 16.798028
21.426868 17.478928 17.475217
21.549771 16.494102 17.597528
1.118649 17.304917 6.519501
2.482908 17.081727 7.388795
1.927623 17.753806 6.898983
21.981390 3.325547 25.210633
22.158251 4.758660 24.448010
21.836746 4.312346 25.283106
14.990039 17.309591 6.056795
13.785309 16.309160 5.593705
14.000022 17.168825 6.057194
-0.000354 20.872460 7.657102
1.115940 20.291542 6.616376
0.181894 20.638151 6.702202
12.362841 4.784554 6.862011
10.740507 4.605924 6.808979
11.503145 5.211391 6.581511
17.977548 28.927981 14.471763
19.252493 29.851743 14.905201
18.628038 29.620200 14.159284
28.857073 21.321903 11.194977
28.824459 21.009667 9.592438
28.823509 21.732242 10.283691
0.853643 23.435652 17.001441
2.272604 24.217551 17.206066
1.376312 24.254482 16.764202
10.819538 7.325144 10.765103
9.920831 6.156278 10.063130
9.896373 6.953858 10.665803
22.375587 0.679795 29.234450
23.367796 1.972268 29.342719
22.945596 1.317252 28.716102
26.303099 23.554879 28.842763
24.998753 23.389178 29.811222
25.912644 23.787556 29.733467
22.561290 8.494613 21.029280
21.417991 8.406167 22.191921
21.675965 8.100254 21.275507
29.465300 18.236859 3.245234
29.079544 19.244053 2.019086
29.580852 19.160664 2.880296
21.256149 2.385949 22.210508
20.462790 3.469751 23.139294
21.349295 3.044373 22.957334
10.712078 17.303805 17.546134
9.492650 17.105978 18.614099
10.322419 16.694717 18.236877
0.001329 21.472716 10.284544
0.367884 23.031756 9.965602
0.051556 22.169839 9.569390
12.202482 22.986478 14.288301
13.023397 21.575096 14.316382
12.623072 22.275197 13.725158
6.241160 11.930145 17.943722
5.470628 12.993073 16.972562
5.625108 12.717498 17.921320
14.519081 15.170239 19.075712
14.852423 16.535335 19.907629
14.943380 15.539520 19.902483
21.328511 15.678139 1.101096
19.783325 15.649195 1.628591
20.691956 16.036808 1.783812
25.978846 29.330176 0.298598
25.570407 27.777343 0.000979
26.324111 28.394435 0.226976
23.476016 14.839236 17.713440
23.859881 16.185800 16.873141
24.049548 15.658296 17.701219
17.140878 18.812512 0.336660
16.700512 17.294471 0.746928
16.854477 17.921847 -0.016382
23.796718 23.574998 26.031656
23.251051 24.971529 25.384635
23.001694 24.173484 25.933171
20.294542 20.332453 15.485255
21.665942 19.850173 16.229135
21.262369 20.117770 15.354224
16.023505 9.848542 27.782985
17.386684 10.736525 27.641845
16.411605 10.766779 27.861513
29.591359 11.960946 3.401060
28.267630 11.923241 2.445545
28.857361 12.509597 3.000840
13.111342 25.208764 16.944576
13.494008 26.789283 17.093622
13.199015 26.077167 16.456584
27.167413 -0.001228 4.485693
25.558197 0.013832 4.208407
26.443890 0.356745 3.895508
1.436090 23.887054 19.555324
-0.050049 23.493070 19.005000
0.585903 23.407239 19.771906
26.757324 13.774226 24.287021
26.192741 12.242050 24.306264
26.471184 13.002307 23.719385
11.579598 1.626777 20.363018
10.039659 2.069303 20.678369
10.663895 1.729983 19.974709
29.479470 13.744507 28.414610
29.999382 14.269656 29.870838
29.542119 14.536105 29.022390
7.894482 5.980635 19.594887
6.779898 7.124126 19.253097
7.257136 6.643074 19.988475
2.523531 16.054566 27.074280
2.519613 14.519019 27.629951
2.061221 15.169294 27.024173
22.009609 17.098257 21.435657
22.187285 18.633446 20.908101
21.841428 18.060204 21.650882
0.090239 11.005854 3.504320
1.209207 9.816991 3.469632
0.771628 10.509949 4.042590
22.568311 20.056031 24.817163
21.402500 19.189329 24.071240
22.119407 19.874425 23.942262
18.917748 17.674750 12.026646
17.334431 18.055046 12.149825
18.154238 17.796638 12.660794
18.724942 22.723564 12.026716
19.769879 21.614591 12.614063
19.030634 22.245309 12.849985
15.335487 19.632455 9.922841
13.969992 18.794325 9.607166
14.515335 19.226120 10.325569
24.002361 25.215044 0.668018
23.042715 23.950117 0.286270
23.285368 24.603797 1.003048
1.896341 5.069258 26.550481
0.326382 5.120199 26.104025
1.266186 5.027655 25.775161
24.379446 4.511668 4.874203
23.008351 3.625542 4.913819
23.773540 3.920683 4.341696
1.898006 21.830670 20.537061
1.052424 20.508640 20.988631
1.006529 21.379274 20.498899
21.824937 20.847135 12.709870
22.862364 19.997226 13.641583
22.382506 20.868605 13.539692
-0.001381 18.411162 3.041047
1.448145 17.931187 3.620001
0.586845 18.384555 3.849274
12.186087 5.182221 18.483126
13.561576 6.049801 18.334714
12.688146 5.823922 17.903382
2.018404 0.857092 0.926126
0.473864 0.457704 1.274803
1.096577 0.756778 0.551801
13.549405 22.743661 6.773594
13.567047 24.376300 6.744152
13.473541 23.550599 6.187895
21.455041 23.664019 20.567961
20.839439 22.487880 21.518972
21.540742 23.197175 21.448109
0.046160 8.799731 0.686611
-0.009253 8.448763 2.280486
0.370095 9.068662 1.593633
15.666392 7.887267 17.136229
15.360506 7.289501 18.624785
15.253192 8.082845 18.025589
-0.012353 8.374088 7.532930
1.364005 7.497278 7.473504
0.685206 7.911321 8.079926
10.500605 19.745681 21.299131
9.095866 20.075053 22.063925
9.970112 19.594596 22.133216
28.065209 14.997323 12.864050
27.734294 13.486778 13.388872
27.627711 14.129140 12.629953
2.048594 3.490104 23.354524
3.231249 3.384248 24.475600
2.265594 3.595805 24.324929
26.471228 21.795939 20.400303
27.672768 22.886940 20.219453
27.030217 22.292355 19.736188
12.735296 1.585239 6.493306
13.946177 0.489623 6.502343
13.339537 1.031343 5.920558
13.117741 19.576247 16.858197
13.709744 19.133509 18.314289
13.378560 19.902047 17.766919
0.192360 7.120519 23.745506
0.328712 5.507226 23.532476
-0.002602 6.359219 23.127154
22.970329 11.282332 29.768534
22.694331 9.749409 29.277963
23.172213 10.319244 29.946442
19.543369 26.573752 11.766549
18.412846 26.610037 10.588716
19.297683 26.971493 10.882588
24.050181 10.135538 15.022024
22.536992 10.383155 14.460210
23.489013 10.683452 14.401679
20.049668 7.914149 18.867702
18.757531 7.062943 19.389736
19.297795 7.317322 18.587643
20.794692 24.147838 6.540804
19.854466 24.063036 7.873272
19.945582 24.465795 6.962542
15.007284 0.564071 24.055808
15.317366 1.126158 25.557339
14.721639 1.215005 24.759114
5.318982 29.030143 24.051026
4.040512 28.043364 24.292833
4.664778 28.417768 23.607223
5.645321 4.486299 1.820418
4.493870 5.557200 2.260895
5.216666 4.952061 2.594542
12.201875 -0.001759 4.068188
12.411971 1.612963 3.944816
12.328970 0.758802 3.431524
7.404627 27.187331 27.775340
8.124026 28.150889 26.670483
7.852190 28.069557 27.629356
23.063230 27.487120 27.536609
24.162307 27.187596 26.366564
23.226904 27.010843 26.672711
26.029597 0.378841 23.905814
24.442680 -0.001267 23.843373
25.157901 0.430247 24.393102
24.676311 8.752202 21.577367
25.063801 8.890269 19.997026
24.945554 9.389505 20.855356
-0.055645 11.904354 25.837378
0.975799 10.848256 25.139190
0.038206 10.983272 25.459560
0.900635 6.733187 21.044870
1.232193 6.222124 19.529755
1.030297 5.929361 20.464354
22.844309 18.919064 18.680264
24.054818 19.575289 17.802354
23.067143 19.574539 17.958707
24.902781 7.010850 17.602581
23.597190 6.743081 16.658959
24.357048 7.366302 16.843780
21.809163 29.673390 17.830333
20.212961 29.991069 17.964156
20.980793 29.920157 17.327483
7.521892 22.676568 14.641758
5.999455 22.151855 14.370558
6.640184 22.906592 14.229899
8.146913 24.490816 19.064807
8.936271 25.034738 20.386833
8.037694 24.909435 19.966349
0.779388 22.747301 14.193506
2.192004 23.558680 14.306949
1.369966 23.277335 14.801971
8.930031 15.227269 15.435420
10.362497 15.641044 16.101394
9.785122 14.875881 15.816594
10.720696 2.294474 15.383469
10.015246 2.458178 13.919833
10.833477 2.144138 14.401314
3.747960 0.219775 26.828628
4.037243 1.826821 26.848857
3.895481 1.030046 26.261489
28.271377 4.432581 11.488847
28.910274 5.817560 12.072228
28.503318 4.938314 12.319741
8.997320 7.450007 0.132235
8.771537 6.498008 1.439679
8.987608 7.424558 1.131838
0.404835 20.774586 4.187327
1.980143 20.387820 4.375760
1.343179 21.042950 3.969521
10.443477 1.817958 1.133449
11.943742 1.246821 0.833955
11.251434 1.392189 1.540726
6.169599 16.592712 29.920338
7.684309 17.133120 29.636961
7.142590 16.381468 30.013136
5.061864 3.776793 19.769208
5.883305 5.085279 19.240257
5.299116 4.321775 18.965060
4.001066 15.853333 3.519472
4.021344 14.536658 4.485207
3.851451 14.865297 3.556186
5.462741 10.614053 14.297924
6.701475 11.677004 14.346529
6.171601 11.067065 13.757328
1.530636 19.456320 9.445876
2.859004 19.384029 8.498826
2.057803 18.880070 8.821393
2.564980 27.008778 2.877230
3.823577 26.891969 1.843316
3.436821 27.414587 2.603078
13.135641 19.485122 7.684307
14.512063 19.696724 6.831443
13.941750 19.028062 7.308500
24.267603 24.412770 15.901444
25.324363 24.172561 17.123020
24.423874 24.534225 16.881635
14.339841 3.860830 24.453339
14.981589 3.675696 25.943498
14.261605 4.124978 25.414615
29.319091 22.557583 3.177269
30.000173 21.163880 3.687571
29.682221 21.672159 2.887254
20.148985 19.478158 12.250942
20.533138 18.383956 13.400654
20.273027 19.334803 13.232782
17.019631 25.237590 5.074494
15.544699 25.922026 5.225529
16.462970 25.866282 5.617470
17.598288 22.128327 25.073543
16.534164 21.104342 25.770525
17.431282 21.536483 25.862072
10.537026 19.072530 5.861752
9.118796 19.878696 5.788210
9.838563 19.441787 5.248772
23.083965 22.324573 29.630969
23.359038 21.384892 28.324055
22.999754 22.264279 28.636374
26.492553 15.257946 7.636486
27.913400 14.457828 7.724194
27.168551 14.859924 8.256609
28.192452 1.769423 3.769538
29.574278 1.279046 4.488409
29.056730 1.285403 3.632809
17.180937 13.391283 20.676170
16.945599 13.528447 19.066048
17.442629 13.894631 19.852698
2.047846 28.974533 20.578099
3.383725 29.516505 21.345160
2.390733 29.416153 21.407163
15.136990 28.682468 6.118054
13.647398 28.017819 6.195827
14.477835 28.223344 6.713593
2.790930 29.737612 12.607901
4.038159 29.012451 11.842885
3.471162 29.835235 11.881470
12.920066 17.317803 14.090841
12.314027 16.952414 15.562539
13.022639 17.462409 15.074973
5.858350 4.712104 25.765970
4.434505 4.063226 26.233210
4.986178 4.341337 25.446916
3.565071 21.595777 27.368938
3.900569 20.046295 26.977485
4.268570 20.885182 27.378474
2.578124 29.996586 15.155980
3.270529 28.829751 16.064694
3.369521 29.763609 15.721101
21.568459 25.465684 8.640889
22.290068 26.926443 8.530641
22.389533 25.989895 8.866696
9.360849 7.548630 3.617873
7.838678 7.623402 4.204466
8.397759 7.372839 3.414154
14.183383 15.835155 24.717541
14.473724 17.360241 24.211080
14.344056 16.776916 25.012869
4.420046 15.344839 18.206565
6.035819 15.355848 18.442883
5.296853 15.001757 17.869737
20.734816 6.137792 23.448841
19.312637 5.342265 23.554828
20.099019 5.681281 24.071181
17.783252 8.547113 17.228837
18.440359 9.437625 16.028050
18.442368 9.267619 17.013465
14.273478 24.562919 10.456294
14.678063 25.192126 11.907879
14.585113 24.346943 11.381597
2.424784 28.126448 6.580418
2.276743 26.620410 5.966722
2.181935 27.179415 6.790417
26.478948 15.461701 17.327250
27.382449 16.543183 16.502160
27.245459 15.571493 16.694514
6.454180 5.287108 27.830147
6.721549 5.473727 29.430265
6.521096 5.951160 28.574798
1.891066 3.791232 11.488620
1.875294 2.158386 11.504625
1.355315 2.977617 11.262900
19.823257 22.381958 3.964124
18.518486 21.643294 3.317104
19.122323 22.437797 3.253124
16.556164 29.000543 25.553540
15.382506 29.996870 25.008977
16.369951 29.879376 25.114308
25.589828 13.936966 2.474553
24.014781 13.506529 2.449296
24.775541 13.786055 3.035007
1.970444 2.366933 3.200341
0.356178 2.129498 3.133575
1.210470 2.082529 2.615959
3.037971 11.149245 16.254802
4.615720 10.985560 16.642877
3.967489 11.097519 15.889744
4.617608 11.059942 22.578114
4.194380 12.323727 21.634496
4.288230 11.328914 21.673066
18.697780 15.887707 16.828417
18.504298 14.546872 17.740236
19.171616 15.129771 17.276703
29.163841 1.020617 22.377455
27.890135 -0.001180 22.360353
28.205157 0.906391 22.637885
27.897987 10.825048 23.684747
26.419680 10.139536 23.578105
27.394503 9.961509 23.712172
7.180444 3.365817 18.161347
7.403944 3.747606 16.589414
7.307343 2.995424 17.241210
28.966068 6.690996 2.293648
28.321290 5.194868 2.181606
28.305991 6.054407 2.692396
1.154880 8.361804 28.184791
2.784879 8.298304 28.108902
1.993805 8.259975 28.719378
21.368003 10.590411 19.245614
21.008337 11.090795 20.757879
21.749415 10.925146 20.107254
5.066113 28.305041 20.596300
5.156321 26.675812 20.531782
4.561326 27.466878 20.389853
26.876324 0.459697 9.298393
26.555713 2.008338 8.891443
26.171722 1.168908 9.275964
4.615855 3.066037 3.934197
5.001661 1.637759 4.625474
4.706821 2.576903 4.801618
4.190949 13.270852 19.609217
2.809568 13.968285 19.087620
3.551413 13.343599 18.843939
19.244447 15.474561 11.706180
18.991616 13.867420 11.847105
18.921263 14.654377 11.234165
9.135784 13.675454 20.291699
10.242074 12.764733 19.508503
9.890386 13.692130 19.635768
26.020430 3.865189 12.273246
25.852464 2.359967 12.883807
25.753002 3.335783 13.078329
4.049475 23.881962 10.460207
4.829372 24.718681 11.625689
4.591996 24.699196 10.654494
9.130635 12.360454 15.717084
10.746324 12.487988 15.917015
9.925332 11.991705 16.199191
24.213741 17.754896 10.222843
23.553633 18.796671 9.152492
23.471816 18.407702 10.070074
27.874298 24.315822 0.800618
29.435670 24.236467 1.272327
28.487763 24.100916 1.560502
23.071709 22.689328 2.490967
22.410564 21.196544 2.456695
22.334861 22.114318 2.846449
23.586538 -0.048079 12.546790
24.933283 0.351576 13.379401
24.015824 -0.039891 13.449892
13.391514 27.428388 2.303879
14.962958 27.442382 1.859969
14.160978 26.863287 2.006334
28.627110 23.638043 29.997250
27.882001 25.090981 29.975508
28.261182 24.359273 29.409141
12.327004 30.025579 15.527712
10.701618 29.876110 15.577405
11.568982 29.380919 15.626528
8.107651 15.165437 7.150997
9.647731 14.651589 6.975494
8.757057 14.729870 6.527700
4.356299 6.539438 17.785240
3.395387 5.248523 17.507974
3.885288 6.008464 17.080852
9.735953 13.374670 3.104028
8.364929 12.493343 3.002803
9.055408 12.860516 3.625997
15.392265 5.984724 3.119552
15.887241 4.429899 3.054694
15.661258 5.190104 3.663766
5.012858 17.386041 15.239558
4.866379 16.974668 16.813091
5.318033 17.592247 16.169233
6.665502 20.651029 18.092473
5.971728 19.664112 16.991854
5.852465 20.497939 17.530794
17.942636 8.188249 28.464731
17.598501 8.604838 30.005742
17.549165 8.896702 29.050583
9.694588 16.822761 5.978678
11.030412 16.687995 5.049107
10.122813 16.311067 5.233869
15.758465 14.342886 24.346684
16.945319 14.188592 23.235711
16.083110 13.806218 23.567876
3.459261 20.580165 14.921293
3.777308 21.876863 13.981022
3.182734 21.081968 14.101735
10.545868 15.770948 0.659532
11.787301 14.909372 0.040484
10.998153 14.879122 0.653899
1.434313 6.785577 11.554011
0.346560 7.996767 11.425552
0.977043 7.408444 10.919276
5.035943 24.141065 17.368910
5.316368 22.902238 16.342577
5.369281 23.201159 17.295359
7.403215 10.332237 24.176942
6.487582 9.200453 24.916786
6.742225 9.595581 24.034189
7.117027 8.143678 12.226663
7.411295 9.016947 10.878517
6.697545 8.604826 11.444790
29.012587 29.931657 19.203333
28.235066 28.733348 19.994666
29.125411 29.056797 19.674330
8.574396 1.629953 3.898078
7.076999 0.986903 3.793317
7.847583 1.351188 3.270399
6.059095 9.258986 8.681285
4.569886 9.820879 9.046278
5.162740 9.498557 8.308321
9.455153 26.867418 17.096567
10.485048 28.134115 17.058043
9.964525 27.522844 17.654156
16.350889 9.228303 12.120733
17.817717 9.440406 12.806384
17.310581 8.948190 12.098934
2.833360 16.174106 5.349865
3.355226 17.676958 4.981383
3.558788 16.845996 5.499082
25.140971 23.365572 23.574256
24.340475 21.942369 23.593962
24.741605 22.645482 23.006872
29.455155 6.686135 17.378511
29.827231 8.267378 17.545605
29.864679 7.369084 17.983341
27.714105 26.482092 4.809195
28.410134 25.155040 4.160222
27.792335 25.487221 4.872913
10.379247 16.205647 11.804298
11.407524 17.233388 12.547993
10.783437 16.463612 12.681812
4.382482 6.283669 26.345325
5.797107 7.098637 26.382093
5.007434 6.808889 26.922843
25.303657 2.971027 15.190291
26.926111 3.064897 15.350040
26.063724 2.934089 15.839044
4.509550 19.169769 13.547767
3.293366 18.126496 13.862674
3.546859 18.961772 13.374819
9.246322 6.070521 5.247413
9.612986 7.563218 5.798869
9.849193 6.592910 5.850409
14.993659 28.857762 0.115404
16.372729 29.707622 0.321784
15.615071 29.254195 0.791152
0.003163 25.167888 12.283708
0.264739 23.557312 12.218048
0.157499 24.389914 11.674706
0.046015 17.942418 26.514124
0.471934 19.450420 26.054548
0.499499 18.482443 25.805130
17.361688 15.958434 7.544909
15.792499 15.662423 7.886540
16.696531 15.828789 8.280236
17.544285 16.293089 10.307218
17.397672 17.614591 9.359152
17.881871 17.219331 10.139709
24.790073 26.540869 30.026734
23.347434 27.239747 29.715204
24.118394 26.744740 29.314533
12.173534 12.886878 26.116495
10.639994 12.328674 26.174397
11.229401 13.116545 26.352741
1.120512 22.136995 24.707648
2.151614 21.252519 25.613861
1.241913 21.666465 25.581612
18.671407 2.442855 16.930007
18.175888 0.903897 17.159698
17.956838 1.865486 17.324956
18.039372 6.822098 22.350562
18.905691 8.091081 22.903608
18.763838 7.474791 22.129004
8.050481 7.166642 26.596883
7.893614 8.725928 27.055914
7.994472 8.111268 26.273630
25.375502 14.439585 19.320753
26.044891 14.460584 20.810104
25.322992 14.061337 20.244938
6.534124 9.067854 2.540452
6.740620 10.236574 1.418783
7.031247 9.325813 1.712037
17.114477 16.092159 19.715726
16.538607 15.545799 18.288648
17.252925 16.092570 18.725383
10.327994 27.978040 20.496218
10.626602 26.386817 20.282840
10.591690 27.278669 19.831920
17.428956 16.094872 24.219224
16.173213 16.380891 23.215236
16.565877 16.588204 24.111218
17.172443 10.341970 25.488181
15.632804 10.784966 25.804338
16.225700 10.024285 25.540169
12.382550 14.810698 23.962246
12.750585 14.483150 22.405342
12.633372 15.211039 23.080905
21.231712 23.397458 24.770109
21.806217 22.069365 24.013272
21.042865 22.442729 24.540378
2.816296 28.510792 18.191863
3.565239 29.892039 18.636756
3.584171 28.894558 18.704736
13.366946 25.510316 4.572367
14.491062 25.214520 3.425389
13.587260 24.958378 3.768145
22.070909 23.187827 13.713244
23.521559 23.918087 13.883604
22.579772 23.885050 14.218107
4.058440 28.679102 9.037050
2.445271 28.857499 9.217470
3.309874 28.714593 9.699121
23.589014 27.743101 13.319242
24.081902 29.295917 13.431096
23.440415 28.615375 13.785078
5.955564 29.884050 18.180281
5.999779 28.275465 18.458109
5.820060 28.981032 17.772672
8.707308 11.990004 13.119817
8.602399 12.379784 11.537491
8.881979 12.703535 12.441354
26.202458 15.645570 26.705908
24.663264 15.101883 26.661463
25.612372 14.886083 26.432181
2.611906 17.142556 16.779113
3.078015 18.647974 16.351154
2.891269 17.724693 16.015555
24.676584 1.837656 10.724609
24.943888 0.230050 10.828723
24.965124 1.095402 11.329384
10.018260 6.186725 26.467555
11.111054 7.400181 26.463429
10.563075 6.792915 25.888195
24.075463 17.801149 20.122742
25.145743 16.584208 20.323350
24.299964 16.992596 20.666607
1.888412 22.788878 8.397947
3.115808 23.505450 7.593763
2.135507 23.308547 7.580123
2.087734 26.334619 16.671171
3.634949 26.337564 17.193479
3.001945 26.707949 16.513723
7.747231 21.336712 23.563602
7.529385 21.616325 21.969535
7.126610 21.210247 22.789792
14.772468 21.721515 24.580215
15.770692 22.853263 23.956208
14.826066 22.526937 23.989987
3.274809 22.366916 5.159865
4.063061 21.226550 4.296782
4.144405 21.887240 5.042986
28.941634 4.257489 17.302423
27.454250 4.922485 17.412694
28.092741 4.445722 16.808564
8.347766 2.106965 28.563543
7.764001 3.626236 28.430413
8.246107 2.891982 27.952509
28.442778 2.910297 1.921426
27.033533 3.429680 1.280365
27.629830 2.637038 1.407234
17.332639 19.841154 8.888538
18.607856 20.262047 7.959367
17.612772 20.166812 7.985532
20.975677 23.258660 11.786244
20.545807 24.583263 10.933409
21.313008 24.088062 11.340995
13.179759 13.005510 11.742669
13.511147 11.441701 12.076394
12.959031 12.233224 12.338321
22.159402 25.172576 22.449604
23.022545 24.051264 23.264670
22.326968 24.764922 23.347205
6.153059 20.772190 11.363187
7.226000 20.958238 12.580098
6.360220 20.535496 12.312401
6.985764 20.343621 15.155208
8.048531 20.450610 16.390428
7.919342 20.595988 15.409549
20.245181 16.024884 7.907841
20.144828 17.096409 9.136033
20.631923 16.861937 8.294778
11.833876 26.917627 10.803663
10.480374 26.206925 10.229533
11.186007 26.890318 10.042435
0.310754 25.232825 9.456519
0.620044 26.804194 9.775623
0.669619 25.872731 10.135993
22.387826 7.709646 26.367126
22.299365 6.337142 27.247521
22.207705 6.726688 26.331115
2.427656 8.215825 9.331995
2.913726 8.705756 10.811992
2.482596 8.994367 9.957136
0.180480 3.042598 20.228298
1.466388 2.057542 20.021433
0.749951 2.574285 19.552773
8.239765 0.174061 5.458218
9.841417 0.484726 5.528111
9.093777 -0.043279 5.930842
26.226354 12.336519 18.669262
25.772885 10.846854 18.177374
26.494841 11.374270 18.625214
16.988177 12.816896 28.663326
18.565610 13.068353 29.002682
17.744945 13.466760 28.593135
19.489331 11.918444 3.899996
19.336412 10.338171 4.282147
19.986963 11.082380 4.130879
14.089425 17.261848 21.839216
15.272843 18.261398 22.356042
14.731659 17.977426 21.564570
18.900199 7.462057 12.405891
20.300657 7.502815 13.244787
19.494166 8.029462 12.976157
16.335564 19.325548 16.613008
15.022530 19.205846 15.649523
15.337960 19.386499 16.581089
3.470278 19.744733 29.308306
3.393059 21.356970 29.556136
3.474496 20.465387 30.001551
0.232494 8.764863 5.267760
1.852596 8.584010 5.171582
1.101820 8.932664 5.732585
19.034386 13.319072 25.480660
17.594298 12.570002 25.302533
18.294053 13.114640 24.840300
4.255955 22.118415 21.276440
5.717184 21.645835 20.721312
5.191793 21.882836 21.538467
2.303568 13.402313 16.949061
1.030860 12.379593 16.918297
1.648513 12.896869 17.510646
12.874755 3.775612 22.544789
11.474979 2.992582 22.237903
12.133204 3.657236 21.884459
3.922308 9.629130 1.919407
3.343684 8.279740 2.634269
3.096516 9.164190 2.238537
28.221530 27.369670 15.079547
29.636218 27.434360 15.892667
28.771907 26.940853 15.795891
5.823180 24.955287 14.525430
4.489992 25.396950 13.692225
4.823251 24.963712 14.529596
16.654546 20.961014 0.873462
18.112008 20.435855 1.389897
17.275840 20.915571 1.655688
26.051928 12.155233 7.938274
27.022390 11.167662 8.804067
26.078717 11.466973 8.663208
11.158007 21.967863 2.503690
9.842027 21.018308 2.685983
10.439086 21.467429 2.021335
25.907575 27.407700 23.330885
25.720533 26.002016 24.140672
25.763526 26.422853 23.234585
20.771861 -0.002826 7.485549
21.058001 0.008044 9.093247
20.400788 0.249309 8.379238
10.575564 4.458042 12.002937
9.737863 3.077623 11.759237
10.563092 3.586115 11.513514
29.117018 27.606737 24.600945
27.899037 26.617364 24.148893
28.474570 27.385132 23.867393
7.474880 14.329932 22.496196
7.316573 15.225731 23.852357
7.878560 15.064875 23.041035
10.415849 8.598997 20.429200
11.165048 7.965213 21.734461
10.577679 8.706655 21.410101
7.967684 7.725537 21.865438
8.847331 6.352789 21.773389
8.224119 6.886402 22.345064
19.038621 10.457468 29.453541
20.667664 10.570993 29.449234
19.854509 10.516533 30.028681
22.090764 15.526271 3.645328
21.280767 16.731737 4.391951
22.182810 16.409804 4.104506
14.669377 29.245334 3.100263
14.713110 27.890791 4.011300
15.081790 28.813943 3.902612
1.106758 22.610838 28.788626
0.999009 21.201181 27.971346
1.533813 22.037875 28.089137
30.000404 7.111894 21.476310
30.000205 8.310842 22.585008
29.750814 7.357890 22.412866
23.161905 11.475423 24.756593
22.654973 11.023145 26.241568
22.654575 11.763049 25.568895
3.626950 21.449011 8.211347
4.205584 20.529448 6.992218
4.454761 21.144668 7.740124
19.103610 8.118879 25.147944
19.174560 7.092357 26.415977
18.811554 7.227327 25.494045
21.599496 3.726024 27.590828
23.076145 3.885421 28.269644
22.572212 3.518254 27.487859
28.742140 30.001759 4.396693
30.003983 29.390117 3.559833
29.097950 29.806201 3.482853
5.559955 22.026643 30.001813
5.016851 23.566495 29.977653
5.273473 22.782251 29.412804
23.359787 30.006317 15.481229
23.985998 29.471765 16.891478
23.257847 29.339113 16.219060
8.575083 14.622267 29.181254
9.714761 15.494153 29.960764
9.140058 14.676993 30.004513
7.684141 4.490345 3.133026
9.208419 5.071540 3.059010
8.495049 4.725959 3.668620
27.477191 3.649416 20.977770
29.007697 3.194331 21.320024
28.358992 3.389317 20.584422
24.549081 16.274515 12.012031
25.646957 17.466380 12.214054
25.467537 16.588042 11.771021
3.346862 11.630506 13.100649
2.675197 10.556361 14.131070
2.488387 11.217190 13.404190
0.514360 27.724623 11.910545
-0.000240 28.241269 13.371693
0.678495 28.377392 12.650072
10.379567 12.936869 8.271267
8.772716 12.648022 8.307133
9.590037 12.786804 8.866305
26.947659 3.922793 3.623994
26.345795 5.323205 4.209908
26.283103 4.653877 3.469626
17.383251 15.190552 15.196067
18.216788 14.422703 14.020349
17.569491 14.303729 14.773211
10.790426 24.225688 17.914196
11.122234 22.678814 17.509508
10.982198 23.603405 17.155292
2.185200 0.799352 28.367290
3.160007 0.776687 29.677224
2.397517 1.248854 29.234941
5.977122 19.030023 9.158580
5.680917 18.345903 7.705676
6.036264 19.157931 8.168586
2.162700 6.597551 3.395913
1.104125 6.559903 2.153057
1.213814 6.761529 3.126331
22.235388 18.204370 14.776984
22.698034 16.662878 15.053481
22.126722 17.415206 15.381433
14.916932 23.258214 16.240639
13.920561 21.981181 16.448292
14.291540 22.627390 15.781407
10.872355 25.568409 12.296617
10.334679 24.116175 12.814892
10.659640 25.016870 13.103156
3.525679 24.368629 19.915456
3.085076 25.791302 19.245711
3.806447 25.100520 19.294608
16.270394 24.212968 7.101768
17.750866 24.901682 7.125537
16.997205 24.566267 7.690727
25.038098 9.879518 6.597858
23.777089 10.331606 7.531754
24.681971 10.595713 7.198013
23.715189 22.265573 4.558410
24.472156 21.240800 3.536877
24.455217 21.598819 4.470410
28.940739 19.499987 15.582722
29.662400 19.631327 14.123735
29.776293 19.314925 15.065471
22.548312 5.672180 6.501802
21.032929 6.278118 6.557859
21.795497 5.934074 7.105647
16.194011 24.219687 27.804260
17.563117 23.374918 27.523902
17.131208 24.057741 28.113100
12.463258 2.041267 25.244543
12.748821 1.345245 23.795166
12.803338 2.196473 24.317072
16.210529 10.556452 23.376167
16.401141 11.905774 22.476341
15.853630 11.472241 23.192043
4.713212 13.132861 14.845546
3.093802 13.332104 14.778436
3.888629 13.304426 15.384597
20.378909 13.790819 6.730562
21.588466 14.878833 6.589545
20.678825 14.622273 6.262928
21.349375 9.674915 16.902532
22.272180 8.876435 17.987680
22.024211 8.946634 17.021486
14.481204 2.276789 22.661734
15.043378 3.422980 21.643453
15.296074 2.637000 22.207660
1.451743 15.349516 12.932188
0.911374 16.813738 12.451830
1.185836 15.903102 12.143023
22.106309 0.862089 5.108960
21.668482 2.206090 5.926674
21.834447 1.222798 6.001107
11.451358 5.650633 2.810592
12.894101 6.032393 2.147688
12.181546 5.333209 2.205599
22.825707 2.677905 13.499336
21.655351 1.565017 13.257602
22.575639 1.852841 12.992697
24.998979 6.957817 8.088644
24.582375 6.507186 6.575349
24.252151 6.918643 7.424821
28.817657 7.592548 4.824731
28.742823 5.961271 4.829670
29.309549 6.753322 5.056440
25.989205 7.726363 3.383278
26.688886 9.003559 4.122132
26.769513 8.025006 3.932713
0.308291 20.349322 14.395457
1.453166 19.323258 13.844871
0.986643 20.191822 13.677836
3.239130 22.894166 23.732900
2.176577 22.097912 22.782295
2.829330 22.854427 22.821619
27.797214 27.682095 9.996572
27.993686 29.113782 9.236071
28.468537 28.334374 9.644713
25.670062 24.447902 19.677478
24.951481 23.546407 20.834041
25.651668 24.237485 20.654890
12.512751 3.193458 1.813052
13.849154 3.771162 2.552629
13.260814 2.970727 2.438143
12.290425 17.644302 23.399033
12.249918 17.657412 25.031478
12.159067 17.084352 24.217048
15.209568 27.321887 25.097451
16.216010 27.566727 23.834987
15.912108 26.905240 24.520571
12.364015 1.101959 10.585975
12.690128 0.450055 9.124688
12.306870 0.272093 10.030994
8.501727 15.730720 1.782027
8.133373 15.097137 3.241334
7.776910 15.317838 2.333495
3.323870 19.844803 22.939917
4.863171 20.313516 23.218390
4.132083 20.274466 22.537264
24.569746 7.107752 24.200686
24.182826 6.059544 25.391586
23.818638 6.627182 24.653276
5.738002 18.598504 28.615661
5.845190 19.457509 30.000331
5.634309 19.505388 29.024019
10.489224 0.074141 8.476265
9.636919 1.457090 8.309785
9.986919 0.787521 8.964861
8.767783 18.843248 0.016585
10.028010 17.804864 -0.000021
9.043646 17.891809 0.153004
18.527044 19.405266 16.788399
19.591296 18.270817 16.291326
19.202456 18.731881 17.088929
21.540395 7.746059 11.330412
22.068663 6.292198 11.853777
21.890159 6.853556 11.045717
21.086972 21.647390 6.384489
20.438823 21.570926 7.881401
20.290891 21.357567 6.915719
0.000127 28.994881 17.015506
0.238970 27.631417 16.149129
0.646725 28.497997 16.436745
25.163067 20.967230 0.696636
23.577476 21.345967 0.600982
24.348017 21.208531 1.223338
25.330694 3.257643 18.256773
25.006660 2.141594 19.403998
24.954803 3.112909 19.172035
16.222818 21.212888 6.558050
15.505584 21.386376 8.014815
15.928043 21.872213 7.249676
6.242338 16.046972 21.895014
6.049150 15.043856 20.620995
6.628304 15.754683 21.020060
8.051350 11.468656 19.105573
8.448422 11.100885 17.564870
8.766588 11.531287 18.409543
11.198985 18.922572 26.486499
10.384149 19.477284 27.788431
10.818918 18.675793 27.377901
7.916416 0.000072 7.779286
6.558357 -0.003047 6.872450
6.965068 0.304551 7.732634
21.135272 10.147229 9.291028
22.617921 10.443267 9.908119
21.726629 10.844233 9.696526
6.465922 1.549235 -0.014641
6.049317 -0.015708 0.195315
6.432503 0.793930 0.639839
23.546406 1.604071 8.873115
22.870639 0.455450 7.929347
23.280204 0.641515 8.822422
4.579724 8.409166 6.329918
3.700836 7.308959 7.156834
3.803180 8.281259 6.946820
12.380047 19.609145 12.572216
13.948892 20.006951 12.789390
13.158992 20.101154 12.183476
29.548854 12.956647 17.479611
28.047774 12.329777 17.336502
28.847403 12.656943 16.833011
15.116079 8.163154 2.480716
13.650202 8.175125 1.761167
14.143221 7.968977 2.606379
1.971937 10.291774 20.616363
2.654064 9.539411 21.895168
2.744108 9.732665 20.918187
19.698863 23.470134 1.281291
20.551997 22.105302 1.557126
20.113422 22.666180 0.854975
8.475908 19.201073 23.996162
6.935723 18.666024 23.905385
7.734585 18.948522 23.374385
18.301731 30.000503 10.374108
18.643909 29.045415 11.653722
18.888921 29.263667 10.709115
29.016420 14.339987 26.351952
29.167008 14.448859 24.729559
28.525091 14.300893 25.481886
19.007029 17.748742 29.650725
18.553614 17.310269 28.144456
18.400093 17.156702 29.120569
29.961667 13.362106 14.879572
29.567030 12.311686 13.693162
30.002577 12.406367 14.588305
28.197865 21.808762 28.809516
29.687840 21.515039 28.209191
28.756032 21.161400 28.290556
17.058326 20.060392 4.659756
16.261085 18.635358 4.679073
16.708408 19.312845 4.095240
26.062590 23.063570 3.845085
25.337014 23.692797 5.165805
26.164066 23.247563 4.822734
3.907169 1.793682 1.985446
5.500676 2.123424 2.122174
4.653944 2.367683 1.649594
25.852642 27.017368 16.367692
27.015575 25.902597 16.635203
26.158624 26.089440 16.154920
28.289214 26.009567 27.973968
26.958889 26.951740 28.070074
27.568617 26.460961 27.447726
16.734751 24.093576 25.564697
15.518454 25.157937 25.798032
16.184641 24.811251 25.137766
14.168784 22.022000 21.838950
13.631067 20.894574 22.890835
13.894891 21.065761 21.941604
6.366736 6.023729 8.692125
5.152724 5.409766 7.788846
5.397852 6.109345 8.460001
10.672119 13.566914 23.347693
10.396116 14.752045 22.258668
10.082476 13.864865 22.597031
13.548256 17.042323 2.551664
12.468575 16.183656 3.425545
13.343407 16.667091 3.455647
26.767867 19.008967 0.750029
27.153491 20.403497 -0.007116
27.503309 19.660207 0.563055
27.379069 7.620805 24.466283
26.546298 6.921606 23.247963
27.176410 7.660092 23.487849
28.138201 16.868129 1.373058
26.610252 16.294601 1.428972
27.373304 16.527785 0.826207
5.977635 25.642959 0.566013
4.492783 25.249569 0.011802
5.461322 25.001138 -0.000940
23.632362 16.613950 6.634451
25.247796 16.831771 6.732511
24.398152 16.775697 7.256827
11.856098 13.321670 17.936430
11.750287 14.948794 17.847194
11.305277 14.087050 17.603656
24.089245 18.258409 15.999199
24.975421 17.715983 14.739376
24.910717 17.752277 15.736594
12.924745 26.593362 19.460963
11.748163 26.097347 18.442969
12.479999 25.795563 19.053944
1.842450 12.563135 26.674997
1.227758 13.682940 25.657707
1.908161 12.957067 25.758238
19.135336 4.259236 10.102840
19.027968 5.554632 9.114350
19.503611 5.167447 9.904160
15.288955 6.241673 13.594474
15.322337 7.872357 13.514193
14.887265 7.046004 13.156702
22.918292 25.578410 6.746391
24.441913 25.537610 7.332569
23.887538 25.564836 6.500779
7.394011 0.045452 24.113146
6.478611 0.285413 25.443992
6.677950 0.612425 24.520263
